20	0
20	0.005
20	0.01
20	0.015
20	0.02
20	0.024999999
20	0.029999997
20	0.034999996
20	0.039999995
20	0.044999994
20	0.049999993
20	0.054999992
20	0.05999999
20	0.06499999
20	0.06999999
20	0.074999996
20	0.08
20	0.085
20	0.09
20	0.095000006
20	0.10000001
20	0.10500001
20	0.110000014
20	0.11500002
20	0.12000002
20	0.12500001
20	0.13000001
20	0.135
20	0.14
20	0.145
20	0.14999999
20	0.15499999
20	0.15999998
20	0.16499998
20	0.16999997
20	0.17499997
20	0.17999996
20	0.18499996
20	0.18999995
20	0.19499995
20	0.19999994
20	0.20499994
20	0.20999993
20	0.21499993
20	0.21999992
20	0.22499992
20	0.22999991
20	0.23499991
20	0.2399999
19	0.2449999
19	0.2499999
19	0.2549999
19	0.2599999
19	0.2649999
19	0.2699999
19	0.2749999
19	0.27999988
19	0.28499988
19	0.28999987
19	0.29499987
19	0.29999986
19	0.30499986
19	0.30999985
19	0.31499985
19	0.31999984
19	0.32499984
19	0.32999983
19	0.33499983
19	0.33999982
19	0.34499982
19	0.34999982
19	0.3549998
19	0.3599998
18	0.3649998
18	0.3699998
18	0.3749998
18	0.3799998
18	0.38499978
18	0.38999978
18	0.39499977
18	0.39999977
18	0.40499976
18	0.40999976
18	0.41499975
18	0.41999975
18	0.42499974
18	0.42999974
18	0.43499973
18	0.43999973
18	0.44499972
18	0.44999972
18	0.45499972
18	0.4599997
18	0.4649997
18	0.4699997
18	0.4749997
18	0.4799997
18	0.4849997
18	0.48999968
18	0.49499968
18	0.49999967
18	0.5049997
18	0.5099997
18	0.5149997
18	0.5199997
18	0.5249997
18	0.5299997
18	0.53499967
18	0.53999966
18	0.54499966
18	0.54999965
18	0.55499965
18	0.55999964
18	0.56499964
18	0.56999964
18	0.57499963
18	0.5799996
18	0.5849996
18	0.5899996
18	0.5949996
18	0.5999996
18	0.6049996
18	0.6099996
18	0.6149996
18	0.6199996
18	0.6249996
18	0.6299996
18	0.6349996
17	0.63999957
17	0.64499956
17	0.64999956
17	0.65499955
17	0.65999955
17	0.66499954
17	0.66999954
17	0.67499954
17	0.67999953
17	0.6849995
17	0.6899995
17	0.6949995
17	0.6999995
17	0.7049995
17	0.7099995
17	0.7149995
17	0.7199995
17	0.7249995
17	0.7299995
17	0.7349995
17	0.7399995
17	0.74499947
17	0.74999946
17	0.75499946
17	0.75999945
17	0.76499945
16	0.76999944
16	0.77499944
16	0.77999943
16	0.78499943
16	0.7899994
16	0.7949994
16	0.7999994
16	0.8049994
16	0.8099994
16	0.8149994
16	0.8199994
16	0.8249994
16	0.8299994
16	0.8349994
16	0.8399994
16	0.8449994
16	0.84999937
16	0.85499936
16	0.85999936
16	0.86499935
16	0.86999935
16	0.87499934
16	0.87999934
16	0.88499933
16	0.88999933
16	0.8949993
16	0.8999993
16	0.9049993
16	0.9099993
16	0.9149993
15	0.9199993
15	0.9249993
15	0.9299993
15	0.9349993
15	0.9399993
15	0.9449993
15	0.9499993
15	0.95499927
15	0.95999926
15	0.96499926
15	0.96999925
15	0.97499925
15	0.97999924
15	0.98499924
15	0.98999923
15	0.99499923
15	0.9999992
15	1.0049993
15	1.0099993
15	1.0149993
15	1.0199993
15	1.0249993
15	1.0299993
15	1.0349993
15	1.0399992
15	1.0449992
15	1.0499992
15	1.0549992
15	1.0599992
15	1.0649992
15	1.0699992
15	1.0749992
15	1.0799992
15	1.0849992
15	1.0899992
15	1.0949992
15	1.0999992
15	1.1049992
15	1.1099992
15	1.1149992
15	1.1199992
15	1.1249992
15	1.1299992
15	1.1349992
15	1.1399992
15	1.1449991
15	1.1499991
15	1.1549991
15	1.1599991
15	1.1649991
15	1.1699991
15	1.1749991
15	1.1799991
15	1.1849991
15	1.1899991
15	1.1949991
15	1.1999991
15	1.2049991
15	1.2099991
15	1.2149991
15	1.2199991
15	1.2249991
15	1.2299991
15	1.2349991
15	1.239999
15	1.244999
15	1.249999
15	1.254999
15	1.259999
15	1.264999
15	1.269999
15	1.274999
15	1.279999
15	1.284999
15	1.289999
15	1.294999
15	1.299999
15	1.304999
15	1.309999
15	1.314999
15	1.319999
15	1.324999
15	1.329999
15	1.334999
15	1.339999
15	1.344999
15	1.349999
15	1.354999
15	1.359999
15	1.3649989
15	1.3699989
15	1.3749989
15	1.3799989
15	1.3849989
15	1.3899989
15	1.3949989
15	1.3999989
15	1.4049989
15	1.4099989
15	1.4149989
15	1.4199989
15	1.4249989
15	1.4299989
15	1.4349989
15	1.4399989
15	1.4449989
15	1.4499989
15	1.4549989
15	1.4599988
15	1.4649988
15	1.4699988
15	1.4749988
15	1.4799988
15	1.4849988
15	1.4899988
15	1.4949988
15	1.4999988
15	1.5049988
15	1.5099988
15	1.5149988
15	1.5199988
15	1.5249988
15	1.5299988
15	1.5349988
15	1.5399988
15	1.5449988
15	1.5499988
15	1.5549988
15	1.5599988
15	1.5649987
15	1.5699987
15	1.5749987
15	1.5799987
15	1.5849987
15	1.5899987
15	1.5949987
15	1.5999987
15	1.6049987
15	1.6099987
15	1.6149987
15	1.6199987
15	1.6249987
15	1.6299987
15	1.6349987
15	1.6399987
15	1.6449987
15	1.6499987
15	1.6549987
15	1.6599987
15	1.6649987
15	1.6699986
15	1.6749986
15	1.6799986
15	1.6849986
15	1.6899986
15	1.6949986
15	1.6999986
15	1.7049986
15	1.7099986
15	1.7149986
15	1.7199986
15	1.7249986
15	1.7299986
15	1.7349986
15	1.7399986
15	1.7449986
15	1.7499986
15	1.7549986
15	1.7599986
15	1.7649986
15	1.7699986
15	1.7749985
15	1.7799985
15	1.7849985
15	1.7899985
15	1.7949985
15	1.7999985
15	1.8049985
15	1.8099985
14	1.8149985
14	1.8199985
14	1.8249985
14	1.8299985
14	1.8349985
14	1.8399985
14	1.8449985
14	1.8499985
14	1.8549985
14	1.8599985
14	1.8649985
14	1.8699985
14	1.8749985
14	1.8799984
14	1.8849984
14	1.8899984
14	1.8949984
14	1.8999984
14	1.9049984
14	1.9099984
14	1.9149984
14	1.9199984
14	1.9249984
14	1.9299984
14	1.9349984
14	1.9399984
14	1.9449984
14	1.9499984
14	1.9549984
14	1.9599984
14	1.9649984
14	1.9699984
14	1.9749984
14	1.9799984
14	1.9849983
14	1.9899983
14	1.9949983
14	1.9999983
14	2.0049984
14	2.0099986
14	2.0149987
14	2.0199988
14	2.024999
14	2.029999
14	2.0349991
14	2.0399992
14	2.0449994
14	2.0499995
14	2.0549996
14	2.0599997
14	2.0649998
14	2.07
14	2.075
14	2.0800002
14	2.0850003
14	2.0900004
14	2.0950005
14	2.1000006
14	2.1050007
14	2.1100008
14	2.115001
14	2.120001
14	2.1250012
14	2.1300013
14	2.1350014
14	2.1400015
14	2.1450016
14	2.1500018
14	2.1550019
14	2.160002
14	2.165002
14	2.1700022
14	2.1750023
14	2.1800025
14	2.1850026
14	2.1900027
14	2.1950028
14	2.200003
14	2.205003
14	2.2100031
14	2.2150033
14	2.2200034
14	2.2250035
14	2.2300036
14	2.2350037
14	2.2400038
14	2.245004
14	2.250004
14	2.2550042
14	2.2600043
14	2.2650044
14	2.2700045
14	2.2750046
14	2.2800047
14	2.2850049
14	2.290005
14	2.295005
14	2.3000052
14	2.3050053
14	2.3100054
14	2.3150055
14	2.3200057
14	2.3250058
14	2.330006
14	2.335006
14	2.340006
14	2.3450062
14	2.3500063
14	2.3550065
14	2.3600066
14	2.3650067
14	2.3700068
14	2.375007
14	2.380007
14	2.3850071
14	2.3900073
14	2.3950074
14	2.4000075
14	2.4050076
14	2.4100077
14	2.4150078
14	2.420008
14	2.425008
14	2.4300082
14	2.4350083
14	2.4400084
14	2.4450085
14	2.4500086
14	2.4550087
14	2.4600089
14	2.465009
14	2.470009
14	2.4750092
14	2.4800093
14	2.4850094
14	2.4900095
14	2.4950097
14	2.5000098
14	2.50501
14	2.51001
14	2.51501
14	2.5200102
14	2.5250103
14	2.5300105
14	2.5350106
14	2.5400107
14	2.5450108
14	2.550011
14	2.555011
14	2.5600111
14	2.5650113
14	2.5700114
14	2.5750115
14	2.5800116
14	2.5850117
14	2.5900118
14	2.595012
14	2.600012
14	2.6050122
14	2.6100123
14	2.6150124
13	2.6200125
13	2.6250126
13	2.6300128
13	2.6350129
13	2.640013
13	2.645013
13	2.6500132
13	2.6550133
13	2.6600134
13	2.6650136
13	2.6700137
13	2.6750138
13	2.680014
13	2.685014
13	2.6900141
13	2.6950142
13	2.7000144
13	2.7050145
13	2.7100146
13	2.7150147
13	2.7200148
13	2.725015
13	2.730015
13	2.7350152
13	2.7400153
13	2.7450154
13	2.7500155
13	2.7550156
13	2.7600157
13	2.7650158
13	2.770016
13	2.775016
13	2.7800162
13	2.7850163
13	2.7900164
13	2.7950165
13	2.8000166
13	2.8050168
13	2.8100169
13	2.815017
13	2.820017
13	2.8250172
13	2.8300173
13	2.8350174
13	2.8400176
13	2.8450177
13	2.8500178
13	2.855018
13	2.860018
13	2.8650181
13	2.8700182
13	2.8750184
13	2.8800185
13	2.8850186
13	2.8900187
13	2.8950188
13	2.900019
13	2.905019
13	2.9100192
13	2.9150193
13	2.9200194
13	2.9250195
13	2.9300196
13	2.9350197
13	2.9400198
13	2.94502
13	2.95002
13	2.9550202
13	2.9600203
13	2.9650204
13	2.9700205
13	2.9750206
13	2.9800208
13	2.9850209
13	2.990021
13	2.995021
13	3.0000212
13	3.0050213
13	3.0100214
13	3.0150216
13	3.0200217
13	3.0250218
13	3.030022
13	3.035022
13	3.0400221
13	3.0450222
13	3.0500224
13	3.0550225
13	3.0600226
13	3.0650227
13	3.0700228
13	3.075023
13	3.080023
13	3.0850232
13	3.0900233
13	3.0950234
13	3.1000235
13	3.1050236
13	3.1100237
13	3.1150239
13	3.120024
13	3.125024
13	3.1300242
13	3.1350243
13	3.1400244
13	3.1450245
13	3.1500247
13	3.1550248
13	3.160025
13	3.165025
13	3.170025
13	3.1750252
13	3.1800253
13	3.1850255
13	3.1900256
13	3.1950257
13	3.2000258
13	3.205026
13	3.210026
13	3.2150261
13	3.2200263
13	3.2250264
13	3.2300265
13	3.2350266
13	3.2400267
13	3.2450268
13	3.250027
13	3.255027
13	3.2600272
13	3.2650273
13	3.2700274
13	3.2750275
13	3.2800276
13	3.2850277
13	3.2900279
13	3.295028
12	3.300028
12	3.3050282
12	3.3100283
12	3.3150284
12	3.3200285
12	3.3250287
12	3.3300288
12	3.335029
12	3.340029
12	3.345029
12	3.3500292
12	3.3550293
12	3.3600295
12	3.3650296
12	3.3700297
12	3.3750298
12	3.38003
12	3.38503
12	3.3900301
12	3.3950303
12	3.4000304
12	3.4050305
12	3.4100306
12	3.4150307
12	3.4200308
12	3.425031
12	3.430031
12	3.4350312
12	3.4400313
12	3.4450314
12	3.4500315
12	3.4550316
12	3.4600317
12	3.4650319
12	3.470032
12	3.475032
12	3.4800322
12	3.4850323
12	3.4900324
12	3.4950325
12	3.5000327
12	3.5050328
12	3.510033
12	3.515033
12	3.5200331
12	3.5250332
12	3.5300333
12	3.5350335
12	3.5400336
12	3.5450337
12	3.5500338
12	3.555034
12	3.560034
12	3.5650342
12	3.5700343
12	3.5750344
12	3.5800345
12	3.5850346
12	3.5900347
12	3.5950348
12	3.600035
12	3.605035
12	3.6100352
12	3.6150353
12	3.6200354
12	3.6250355
12	3.6300356
12	3.6350358
12	3.6400359
12	3.645036
12	3.650036
12	3.6550362
12	3.6600363
12	3.6650364
12	3.6700366
12	3.6750367
12	3.6800368
12	3.685037
12	3.690037
12	3.6950371
12	3.7000372
12	3.7050374
12	3.7100375
12	3.7150376
12	3.7200377
12	3.7250378
12	3.730038
12	3.735038
12	3.7400382
12	3.7450383
12	3.7500384
12	3.7550385
12	3.7600386
12	3.7650387
12	3.7700388
12	3.775039
12	3.780039
12	3.7850392
12	3.7900393
12	3.7950394
12	3.8000395
12	3.8050396
12	3.8100398
12	3.8150399
12	3.82004
12	3.82504
12	3.8300402
12	3.8350403
12	3.8400404
12	3.8450406
12	3.8500407
12	3.8550408
12	3.860041
12	3.865041
12	3.8700411
12	3.8750412
12	3.8800414
12	3.8850415
12	3.8900416
12	3.8950417
12	3.9000418
12	3.905042
12	3.910042
12	3.9150422
12	3.9200423
12	3.9250424
12	3.9300425
12	3.9350426
12	3.9400427
12	3.9450428
12	3.950043
12	3.955043
12	3.9600432
12	3.9650433
12	3.9700434
12	3.9750435
12	3.9800436
12	3.9850438
12	3.9900439
12	3.995044
12	4.000044
12	4.005044
12	4.010044
12	4.015044
12	4.0200443
12	4.0250444
12	4.0300446
12	4.0350447
12	4.040045
12	4.045045
12	4.050045
12	4.055045
12	4.0600452
12	4.0650454
12	4.0700455
12	4.0750456
12	4.0800457
12	4.085046
12	4.090046
12	4.095046
12	4.100046
12	4.1050463
12	4.1100464
12	4.1150465
12	4.1200466
12	4.1250467
12	4.130047
12	4.135047
12	4.140047
12	4.145047
12	4.1500473
12	4.1550474
12	4.1600475
12	4.1650476
12	4.1700478
12	4.175048
12	4.180048
12	4.185048
12	4.190048
12	4.1950483
12	4.2000484
12	4.2050486
12	4.2100487
12	4.215049
12	4.220049
12	4.225049
12	4.230049
12	4.2350492
12	4.2400494
12	4.2450495
12	4.2500496
12	4.2550497
12	4.26005
12	4.26505
12	4.27005
12	4.27505
12	4.2800503
12	4.2850504
12	4.2900505
12	4.2950506
12	4.3000507
12	4.305051
12	4.310051
12	4.315051
12	4.320051
12	4.3250513
12	4.3300514
12	4.3350515
12	4.3400517
12	4.345052
12	4.350052
12	4.355052
12	4.360052
12	4.365052
12	4.3700523
12	4.3750525
12	4.3800526
12	4.3850527
12	4.390053
12	4.395053
12	4.400053
12	4.405053
12	4.4100533
12	4.4150534
12	4.4200535
12	4.4250536
12	4.4300537
12	4.435054
12	4.440054
12	4.445054
12	4.450054
12	4.4550543
12	4.4600544
12	4.4650545
12	4.4700546
12	4.4750547
12	4.480055
12	4.485055
12	4.490055
12	4.495055
12	4.5000553
12	4.5050554
12	4.5100555
12	4.5150557
12	4.520056
12	4.525056
12	4.530056
12	4.535056
12	4.540056
12	4.5450563
12	4.5500565
12	4.5550566
12	4.5600567
12	4.565057
12	4.570057
12	4.575057
12	4.580057
12	4.5850573
12	4.5900574
12	4.5950575
12	4.6000576
12	4.6050577
12	4.610058
12	4.615058
12	4.620058
12	4.625058
12	4.6300583
12	4.6350584
12	4.6400585
12	4.6450586
12	4.6500587
12	4.655059
12	4.660059
12	4.665059
12	4.670059
12	4.6750593
12	4.6800594
12	4.6850595
12	4.6900597
12	4.69506
12	4.70006
12	4.70506
12	4.71006
12	4.71506
12	4.7200603
12	4.7250605
12	4.7300606
12	4.7350607
12	4.740061
12	4.745061
12	4.750061
12	4.755061
12	4.7600613
12	4.7650614
12	4.7700615
12	4.7750616
12	4.7800617
12	4.785062
12	4.790062
12	4.795062
12	4.800062
12	4.8050623
12	4.8100624
12	4.8150625
12	4.8200626
12	4.8250628
12	4.830063
12	4.835063
12	4.840063
12	4.845063
12	4.8500633
12	4.8550634
12	4.8600636
12	4.8650637
12	4.870064
12	4.875064
12	4.880064
12	4.885064
12	4.8900642
12	4.8950644
12	4.9000645
12	4.9050646
12	4.9100647
12	4.915065
12	4.920065
12	4.925065
12	4.930065
12	4.9350653
12	4.9400654
12	4.9450655
12	4.9500656
12	4.9550657
12	4.960066
12	4.965066
12	4.970066
12	4.975066
12	4.9800663
12	4.9850664
12	4.9900665
12	4.9950666
12	5.0000668
12	5.005067
12	5.010067
12	5.015067
12	5.020067
12	5.0250673
12	5.0300674
12	5.0350676
12	5.0400677
12	5.045068
12	5.050068
12	5.055068
12	5.060068
12	5.0650682
12	5.0700684
12	5.0750685
12	5.0800686
12	5.0850687
12	5.090069
12	5.095069
12	5.100069
12	5.105069
12	5.1100693
12	5.1150694
12	5.1200695
12	5.1250696
12	5.1300697
12	5.13507
12	5.14007
12	5.14507
12	5.15007
12	5.1550703
12	5.1600704
12	5.1650705
12	5.1700706
12	5.175071
12	5.180071
12	5.185071
12	5.190071
12	5.195071
12	5.2000713
12	5.2050714
12	5.2100716
12	5.2150717
12	5.220072
12	5.225072
12	5.230072
12	5.235072
12	5.2400723
12	5.2450724
12	5.2500725
12	5.2550726
12	5.2600727
12	5.265073
12	5.270073
12	5.275073
12	5.280073
12	5.2850733
12	5.2900734
12	5.2950735
12	5.3000736
12	5.3050737
12	5.310074
12	5.315074
12	5.320074
12	5.325074
12	5.3300743
12	5.3350744
12	5.3400745
12	5.3450747
12	5.350075
12	5.355075
12	5.360075
12	5.365075
12	5.370075
12	5.3750753
12	5.3800755
12	5.3850756
12	5.3900757
12	5.395076
12	5.400076
12	5.405076
12	5.410076
12	5.4150763
12	5.4200764
12	5.4250765
12	5.4300766
12	5.4350767
12	5.440077
12	5.445077
12	5.450077
12	5.455077
12	5.4600773
12	5.4650774
12	5.4700775
12	5.4750776
12	5.4800777
12	5.485078
12	5.490078
12	5.495078
12	5.500078
12	5.5050783
12	5.5100784
12	5.5150785
12	5.5200787
12	5.525079
12	5.530079
12	5.535079
12	5.540079
12	5.545079
12	5.5500793
12	5.5550795
12	5.5600796
12	5.5650797
12	5.57008
12	5.57508
12	5.58008
12	5.58508
12	5.5900803
12	5.5950804
12	5.6000805
12	5.6050806
12	5.6100807
12	5.615081
12	5.620081
12	5.625081
12	5.630081
12	5.6350813
12	5.6400814
12	5.6450815
12	5.6500816
12	5.6550817
12	5.660082
12	5.665082
12	5.670082
12	5.675082
12	5.6800823
12	5.6850824
12	5.6900826
12	5.6950827
12	5.700083
12	5.705083
12	5.710083
12	5.715083
12	5.720083
12	5.7250834
12	5.7300835
12	5.7350836
12	5.7400837
12	5.745084
12	5.750084
12	5.755084
12	5.760084
12	5.7650843
12	5.7700844
12	5.7750845
12	5.7800846
12	5.7850847
12	5.790085
12	5.795085
12	5.800085
12	5.805085
11	5.8100853
11	5.8150854
11	5.8200855
11	5.8250856
11	5.8300858
11	5.835086
11	5.840086
11	5.845086
11	5.850086
11	5.8550863
11	5.8600864
11	5.8650866
11	5.8700867
11	5.875087
11	5.880087
11	5.885087
11	5.890087
11	5.8950872
11	5.9000874
11	5.9050875
11	5.9100876
11	5.9150877
11	5.920088
11	5.925088
11	5.930088
11	5.935088
11	5.9400883
11	5.9450884
11	5.9500885
11	5.9550886
11	5.9600887
11	5.965089
11	5.970089
11	5.975089
11	5.980089
11	5.9850893
11	5.9900894
11	5.9950895
11	6.0000896
11	6.0050898
11	6.01009
11	6.01509
11	6.02009
11	6.02509
11	6.0300903
11	6.0350904
11	6.0400906
11	6.0450907
11	6.050091
11	6.055091
11	6.060091
11	6.065091
11	6.0700912
11	6.0750914
11	6.0800915
11	6.0850916
11	6.0900917
11	6.095092
11	6.100092
11	6.105092
11	6.110092
11	6.1150923
11	6.1200924
11	6.1250925
11	6.1300926
11	6.1350927
11	6.140093
10	6.145093
10	6.150093
10	6.155093
10	6.1600933
10	6.1650934
10	6.1700935
10	6.1750937
10	6.180094
10	6.185094
10	6.190094
10	6.195094
10	6.200094
10	6.2050943
10	6.2100945
10	6.2150946
9	6.2200947
9	6.225095
9	6.230095
9	6.235095
9	6.240095
9	6.2450953
9	6.2500954
9	6.2550955
9	6.2600956
9	6.2650957
9	6.270096
9	6.275096
9	6.280096
9	6.285096
9	6.2900963
9	6.2950964
9	6.3000965
9	6.3050966
9	6.3100967
9	6.315097
9	6.320097
9	6.325097
9	6.330097
9	6.3350973
9	6.3400974
9	6.3450975
9	6.3500977
9	6.355098
9	6.360098
9	6.365098
9	6.370098
9	6.375098
9	6.3800983
9	6.3850985
9	6.3900986
9	6.3950987
9	6.400099
9	6.405099
9	6.410099
9	6.415099
9	6.4200993
9	6.4250994
9	6.4300995
9	6.4350996
9	6.4400997
9	6.4451
9	6.4501
9	6.4551
9	6.4601
9	6.4651003
9	6.4701004
9	6.4751005
9	6.4801006
9	6.4851007
9	6.490101
9	6.495101
9	6.500101
9	6.505101
9	6.5101013
9	6.5151014
9	6.5201015
9	6.5251017
9	6.530102
9	6.535102
9	6.540102
9	6.545102
9	6.550102
9	6.5551023
9	6.5601025
9	6.5651026
9	6.5701027
9	6.575103
9	6.580103
9	6.585103
9	6.590103
9	6.5951033
9	6.6001034
9	6.6051035
9	6.6101036
9	6.6151037
9	6.620104
9	6.625104
9	6.630104
9	6.635104
9	6.6401043
9	6.6451044
9	6.6501045
9	6.6551046
9	6.6601048
9	6.665105
9	6.670105
9	6.675105
9	6.680105
9	6.6851053
9	6.6901054
9	6.6951056
9	6.7001057
9	6.705106
9	6.710106
9	6.715106
9	6.720106
9	6.7251062
9	6.7301064
9	6.7351065
9	6.7401066
9	6.7451067
9	6.750107
9	6.755107
9	6.760107
9	6.765107
9	6.7701073
9	6.7751074
9	6.7801075
9	6.7851076
9	6.7901077
9	6.795108
9	6.800108
9	6.805108
9	6.810108
9	6.8151083
9	6.8201084
9	6.8251085
9	6.8301086
9	6.8351088
9	6.840109
9	6.845109
9	6.850109
9	6.855109
9	6.8601093
9	6.8651094
9	6.8701096
9	6.8751097
9	6.88011
9	6.88511
9	6.89011
9	6.89511
9	6.9001102
9	6.9051104
9	6.9101105
9	6.9151106
9	6.9201107
9	6.925111
9	6.930111
9	6.935111
9	6.940111
9	6.9451113
9	6.9501114
9	6.9551115
9	6.9601116
9	6.9651117
9	6.970112
9	6.975112
9	6.980112
9	6.985112
9	6.9901123
9	6.9951124
9	7.0001125
9	7.0051126
9	7.010113
9	7.015113
9	7.020113
9	7.025113
9	7.030113
9	7.0351133
9	7.0401134
9	7.0451136
9	7.0501137
9	7.055114
9	7.060114
9	7.065114
9	7.070114
9	7.0751143
9	7.0801144
9	7.0851145
9	7.0901146
9	7.0951147
9	7.100115
9	7.105115
9	7.110115
9	7.115115
9	7.1201153
9	7.1251154
9	7.1301155
9	7.1351156
9	7.1401157
9	7.145116
9	7.150116
9	7.155116
9	7.160116
9	7.1651163
9	7.1701164
9	7.1751165
9	7.1801167
9	7.185117
9	7.190117
9	7.195117
9	7.200117
9	7.205117
9	7.2101173
9	7.2151175
9	7.2201176
9	7.2251177
9	7.230118
9	7.235118
8	7.240118
8	7.245118
8	7.2501183
8	7.2551184
8	7.2601185
8	7.2651186
8	7.2701187
8	7.275119
8	7.280119
8	7.285119
8	7.290119
8	7.2951193
8	7.3001194
8	7.3051195
8	7.3101196
8	7.3151197
8	7.32012
8	7.32512
8	7.33012
8	7.33512
8	7.3401203
8	7.3451204
8	7.3501205
8	7.3551207
8	7.360121
8	7.365121
8	7.370121
8	7.375121
8	7.380121
8	7.3851213
8	7.3901215
8	7.3951216
8	7.4001217
8	7.405122
8	7.410122
8	7.415122
8	7.420122
8	7.4251223
8	7.4301224
8	7.4351225
8	7.4401226
8	7.4451227
8	7.450123
8	7.455123
8	7.460123
8	7.465123
8	7.4701233
8	7.4751234
8	7.4801235
8	7.4851236
8	7.4901237
8	7.495124
8	7.500124
8	7.505124
8	7.510124
8	7.5151243
8	7.5201244
8	7.5251245
8	7.5301247
8	7.535125
8	7.540125
8	7.545125
8	7.550125
8	7.555125
8	7.5601254
8	7.5651255
8	7.5701256
8	7.5751257
8	7.580126
8	7.585126
8	7.590126
8	7.595126
8	7.6001263
8	7.6051264
8	7.6101265
8	7.6151266
8	7.6201267
8	7.625127
8	7.630127
8	7.635127
8	7.640127
8	7.6451273
8	7.6501274
8	7.6551275
8	7.6601276
8	7.6651278
8	7.670128
8	7.675128
8	7.680128
8	7.685128
8	7.6901283
8	7.6951284
8	7.7001286
8	7.7051287
8	7.710129
8	7.715129
8	7.720129
8	7.725129
8	7.7301292
8	7.7351294
8	7.7401295
8	7.7451296
8	7.7501297
8	7.75513
8	7.76013
8	7.76513
8	7.77013
8	7.7751303
8	7.7801304
8	7.7851305
8	7.7901306
8	7.7951307
8	7.800131
8	7.805131
8	7.810131
8	7.815131
8	7.8201313
8	7.8251314
8	7.8301315
8	7.8351316
8	7.8401318
8	7.845132
8	7.850132
8	7.855132
8	7.860132
8	7.8651323
8	7.8701324
8	7.8751326
8	7.8801327
8	7.885133
8	7.890133
8	7.895133
8	7.900133
8	7.9051332
8	7.9101334
8	7.9151335
8	7.9201336
8	7.9251337
8	7.930134
8	7.935134
8	7.940134
8	7.945134
8	7.9501343
8	7.9551344
8	7.9601345
8	7.9651346
8	7.9701347
8	7.975135
8	7.980135
8	7.985135
8	7.990135
8	7.9951353
8	8.000135
8	8.005136
8	8.010136
8	8.015136
8	8.020136
8	8.025136
8	8.030136
8	8.035136
8	8.040136
8	8.045136
8	8.050137
8	8.055137
8	8.060137
8	8.065137
8	8.070137
8	8.075137
8	8.080137
8	8.085137
8	8.0901375
8	8.095138
8	8.100138
8	8.105138
8	8.110138
8	8.115138
8	8.120138
8	8.125138
8	8.130138
8	8.1351385
8	8.140139
8	8.145139
8	8.150139
8	8.155139
8	8.160139
8	8.165139
8	8.170139
8	8.175139
8	8.18014
8	8.18514
8	8.19014
8	8.19514
8	8.20014
8	8.20514
8	8.21014
8	8.21514
8	8.22014
8	8.225141
8	8.230141
8	8.235141
8	8.240141
8	8.245141
8	8.250141
8	8.255141
8	8.260141
8	8.2651415
8	8.270142
8	8.275142
8	8.280142
8	8.285142
8	8.290142
8	8.295142
8	8.300142
8	8.305142
8	8.3101425
8	8.315143
8	8.320143
8	8.325143
8	8.330143
8	8.335143
8	8.340143
8	8.345143
8	8.350143
8	8.355144
8	8.360144
8	8.365144
8	8.370144
8	8.375144
8	8.380144
8	8.385144
8	8.390144
8	8.395144
8	8.400145
8	8.405145
8	8.410145
8	8.415145
8	8.420145
8	8.425145
8	8.430145
8	8.435145
8	8.4401455
8	8.445146
8	8.450146
8	8.455146
8	8.460146
8	8.465146
8	8.470146
8	8.475146
8	8.480146
8	8.4851465
8	8.490147
8	8.495147
8	8.500147
8	8.505147
8	8.510147
8	8.515147
8	8.520147
8	8.525147
8	8.530148
8	8.535148
8	8.540148
8	8.545148
8	8.550148
8	8.555148
8	8.560148
8	8.565148
8	8.570148
8	8.575149
8	8.580149
8	8.585149
8	8.590149
8	8.595149
8	8.600149
8	8.605149
8	8.610149
8	8.6151495
8	8.62015
8	8.62515
8	8.63015
8	8.63515
8	8.64015
8	8.64515
8	8.65015
8	8.65515
8	8.660151
8	8.665151
8	8.670151
8	8.675151
8	8.680151
8	8.685151
8	8.690151
8	8.695151
8	8.700151
8	8.705152
8	8.710152
8	8.715152
8	8.720152
8	8.725152
8	8.730152
8	8.735152
8	8.740152
8	8.745152
8	8.750153
8	8.755153
8	8.760153
8	8.765153
8	8.770153
8	8.775153
8	8.780153
8	8.785153
8	8.7901535
8	8.795154
8	8.800154
8	8.805154
8	8.810154
8	8.815154
8	8.820154
8	8.825154
8	8.830154
8	8.835155
8	8.840155
8	8.845155
8	8.850155
8	8.855155
8	8.860155
8	8.865155
8	8.870155
8	8.875155
8	8.880156
8	8.885156
8	8.890156
8	8.895156
8	8.900156
8	8.905156
8	8.910156
8	8.915156
8	8.9201565
8	8.925157
8	8.930157
8	8.935157
8	8.940157
8	8.945157
8	8.950157
8	8.955157
8	8.960157
8	8.9651575
8	8.970158
8	8.975158
8	8.980158
8	8.985158
8	8.990158
8	8.995158
8	9.000158
8	9.005158
8	9.010159
8	9.015159
8	9.020159
8	9.025159
7	9.030159
7	9.035159
7	9.040159
7	9.045159
7	9.050159
7	9.05516
7	9.06016
7	9.06516
7	9.07016
7	9.07516
7	9.08016
7	9.08516
7	9.09016
7	9.0951605
7	9.100161
7	9.105161
7	9.110161
7	9.115161
7	9.120161
7	9.125161
7	9.130161
7	9.135161
7	9.1401615
7	9.145162
7	9.150162
7	9.155162
7	9.160162
7	9.165162
7	9.170162
7	9.175162
7	9.180162
7	9.185163
7	9.190163
7	9.195163
7	9.200163
7	9.205163
7	9.210163
7	9.215163
7	9.220163
7	9.225163
7	9.230164
7	9.235164
7	9.240164
7	9.245164
7	9.250164
7	9.255164
7	9.260164
7	9.265164
7	9.2701645
7	9.275165
7	9.280165
7	9.285165
7	9.290165
7	9.295165
7	9.300165
7	9.305165
7	9.310165
7	9.3151655
7	9.320166
7	9.325166
7	9.330166
7	9.335166
7	9.340166
7	9.345166
7	9.350166
7	9.355166
7	9.360167
7	9.365167
7	9.370167
7	9.375167
7	9.380167
7	9.385167
7	9.390167
7	9.395167
7	9.400167
7	9.405168
7	9.410168
7	9.415168
7	9.420168
7	9.425168
7	9.430168
7	9.435168
7	9.440168
7	9.4451685
7	9.450169
7	9.455169
7	9.460169
7	9.465169
7	9.470169
7	9.475169
7	9.480169
7	9.485169
7	9.49017
7	9.49517
7	9.50017
7	9.50517
7	9.51017
7	9.51517
7	9.52017
7	9.52517
7	9.53017
7	9.535171
7	9.540171
7	9.545171
7	9.550171
7	9.555171
7	9.560171
7	9.565171
7	9.570171
7	9.575171
7	9.580172
6	9.585172
6	9.590172
6	9.595172
6	9.600172
6	9.605172
6	9.610172
6	9.615172
6	9.6201725
6	9.625173
5	9.630173
5	9.635173
5	9.640173
5	9.645173
5	9.650173
5	9.655173
5	9.660173
5	9.665174
5	9.670174
5	9.675174
5	9.680174
5	9.685174
5	9.690174
5	9.695174
5	9.700174
5	9.705174
5	9.710175
5	9.715175
5	9.720175
5	9.725175
5	9.730175
5	9.735175
5	9.740175
5	9.745175
5	9.750175
5	9.755176
5	9.760176
5	9.765176
5	9.770176
5	9.775176
5	9.780176
5	9.785176
5	9.790176
5	9.7951765
5	9.800177
5	9.805177
5	9.810177
5	9.815177
5	9.820177
5	9.825177
5	9.830177
5	9.835177
5	9.840178
5	9.845178
5	9.850178
5	9.855178
5	9.860178
5	9.865178
5	9.870178
5	9.875178
5	9.880178
5	9.885179
5	9.890179
5	9.895179
5	9.900179
4	9.905179
4	9.910179
4	9.915179
4	9.920179
4	9.9251795
4	9.93018
4	9.93518
4	9.94018
4	9.94518
4	9.95018
4	9.95518
4	9.96018
4	9.96518
4	9.9701805
4	9.975181
4	9.980181
4	9.985181
4	9.990181
4	9.995181
4	10.000181
4	10.005181
4	10.010181
4	10.015182
4	10.020182
4	10.025182
4	10.030182
4	10.035182
4	10.040182
4	10.045182
4	10.050182
4	10.055182
4	10.060183
4	10.065183
4	10.070183
4	10.075183
4	10.080183
4	10.085183
4	10.090183
4	10.095183
4	10.1001835
4	10.105184
4	10.110184
4	10.115184
4	10.120184
4	10.125184
4	10.130184
4	10.135184
4	10.140184
4	10.1451845
4	10.150185
4	10.155185
4	10.160185
4	10.165185
4	10.170185
4	10.175185
4	10.180185
4	10.185185
4	10.190186
4	10.195186
4	10.200186
4	10.205186
4	10.210186
4	10.215186
4	10.220186
4	10.225186
4	10.230186
4	10.235187
4	10.240187
4	10.245187
4	10.250187
4	10.255187
4	10.260187
4	10.265187
4	10.270187
4	10.2751875
4	10.280188
4	10.285188
4	10.290188
4	10.295188
4	10.300188
4	10.305188
4	10.310188
4	10.315188
4	10.3201885
4	10.325189
4	10.330189
4	10.335189
4	10.340189
4	10.345189
4	10.350189
4	10.355189
4	10.360189
4	10.36519
4	10.37019
4	10.37519
4	10.38019
4	10.38519
4	10.39019
4	10.39519
4	10.40019
4	10.40519
4	10.410191
4	10.415191
4	10.420191
4	10.425191
4	10.430191
4	10.435191
4	10.440191
4	10.445191
4	10.4501915
4	10.455192
4	10.460192
4	10.465192
4	10.470192
4	10.475192
4	10.480192
4	10.485192
4	10.490192
4	10.495193
4	10.500193
4	10.505193
4	10.510193
4	10.515193
4	10.520193
4	10.525193
4	10.530193
4	10.535193
4	10.540194
4	10.545194
4	10.550194
4	10.555194
4	10.560194
4	10.565194
4	10.570194
4	10.575194
4	10.580194
4	10.585195
4	10.590195
4	10.595195
4	10.600195
4	10.605195
4	10.610195
4	10.615195
4	10.620195
4	10.6251955
4	10.630196
4	10.635196
4	10.640196
4	10.645196
4	10.650196
4	10.655196
4	10.660196
4	10.665196
4	10.670197
4	10.675197
4	10.680197
4	10.685197
4	10.690197
4	10.695197
4	10.700197
4	10.705197
4	10.710197
4	10.715198
4	10.720198
4	10.725198
4	10.730198
4	10.735198
4	10.740198
4	10.745198
4	10.750198
4	10.7551985
4	10.760199
4	10.765199
4	10.770199
4	10.775199
4	10.780199
4	10.785199
4	10.790199
4	10.795199
4	10.8001995
4	10.8052
4	10.8102
4	10.8152
4	10.8202
4	10.8252
4	10.8302
4	10.8352
4	10.8402
4	10.845201
4	10.850201
4	10.855201
4	10.860201
4	10.865201
4	10.870201
4	10.875201
4	10.880201
4	10.885201
4	10.890202
4	10.895202
4	10.900202
4	10.905202
4	10.910202
4	10.915202
4	10.920202
4	10.925202
4	10.9302025
4	10.935203
4	10.940203
4	10.945203
4	10.950203
4	10.955203
4	10.960203
4	10.965203
4	10.970203
4	10.9752035
4	10.980204
4	10.985204
4	10.990204
4	10.995204
4	11.000204
4	11.005204
4	11.010204
4	11.015204
4	11.020205
4	11.025205
4	11.030205
4	11.035205
4	11.040205
4	11.045205
4	11.050205
4	11.055205
4	11.060205
4	11.065206
4	11.070206
4	11.075206
4	11.080206
4	11.085206
4	11.090206
4	11.095206
4	11.100206
4	11.1052065
4	11.110207
4	11.115207
4	11.120207
4	11.125207
4	11.130207
4	11.135207
4	11.140207
4	11.145207
4	11.1502075
4	11.155208
4	11.160208
4	11.165208
4	11.170208
4	11.175208
4	11.180208
4	11.185208
4	11.190208
4	11.195209
4	11.200209
4	11.205209
4	11.210209
4	11.215209
4	11.220209
4	11.225209
4	11.230209
4	11.235209
4	11.24021
4	11.24521
4	11.25021
4	11.25521
4	11.26021
4	11.26521
4	11.27021
4	11.27521
4	11.2802105
4	11.285211
4	11.290211
4	11.295211
4	11.300211
4	11.305211
4	11.310211
4	11.315211
4	11.320211
4	11.325212
4	11.330212
4	11.335212
4	11.340212
4	11.345212
4	11.350212
4	11.355212
4	11.360212
4	11.365212
4	11.370213
4	11.375213
4	11.380213
4	11.385213
4	11.390213
4	11.395213
4	11.400213
4	11.405213
4	11.410213
4	11.415214
4	11.420214
4	11.425214
4	11.430214
4	11.435214
4	11.440214
4	11.445214
4	11.450214
4	11.4552145
4	11.460215
4	11.465215
4	11.470215
4	11.475215
4	11.480215
4	11.485215
4	11.490215
4	11.495215
4	11.500216
4	11.505216
4	11.510216
4	11.515216
4	11.520216
4	11.525216
4	11.530216
4	11.535216
4	11.540216
4	11.545217
4	11.550217
4	11.555217
4	11.560217
4	11.565217
4	11.570217
4	11.575217
4	11.580217
4	11.585217
4	11.590218
4	11.595218
4	11.600218
4	11.605218
4	11.610218
4	11.615218
4	11.620218
4	11.625218
4	11.6302185
4	11.635219
4	11.640219
4	11.645219
4	11.650219
4	11.655219
4	11.660219
4	11.665219
4	11.670219
4	11.67522
4	11.68022
4	11.68522
4	11.69022
4	11.69522
4	11.70022
4	11.70522
4	11.71022
4	11.71522
4	11.720221
4	11.725221
4	11.730221
4	11.735221
4	11.740221
4	11.745221
4	11.750221
4	11.755221
4	11.7602215
4	11.765222
4	11.770222
4	11.775222
4	11.780222
4	11.785222
4	11.790222
4	11.795222
4	11.800222
4	11.8052225
4	11.810223
4	11.815223
4	11.820223
4	11.825223
4	11.830223
4	11.835223
4	11.840223
4	11.845223
4	11.850224
4	11.855224
4	11.860224
4	11.865224
4	11.870224
4	11.875224
4	11.880224
4	11.885224
4	11.890224
4	11.895225
4	11.900225
4	11.905225
4	11.910225
4	11.915225
4	11.920225
4	11.925225
4	11.930225
4	11.9352255
4	11.940226
4	11.945226
4	11.950226
4	11.955226
4	11.960226
4	11.965226
4	11.970226
4	11.975226
4	11.9802265
4	11.985227
4	11.990227
4	11.995227
4	12.000227
4	12.005227
4	12.010227
4	12.015227
4	12.020227
4	12.025228
4	12.030228
4	12.035228
4	12.040228
4	12.045228
4	12.050228
4	12.055228
4	12.060228
4	12.065228
4	12.070229
4	12.075229
4	12.080229
4	12.085229
4	12.090229
4	12.095229
4	12.100229
4	12.105229
4	12.1102295
4	12.11523
4	12.12023
4	12.12523
4	12.13023
4	12.13523
4	12.14023
4	12.14523
4	12.15023
4	12.1552305
4	12.160231
4	12.165231
4	12.170231
4	12.175231
4	12.180231
4	12.185231
4	12.190231
4	12.195231
4	12.200232
4	12.205232
4	12.210232
4	12.215232
4	12.220232
4	12.225232
4	12.230232
4	12.235232
4	12.240232
4	12.245233
4	12.250233
4	12.255233
4	12.260233
4	12.265233
4	12.270233
4	12.275233
4	12.280233
4	12.2852335
4	12.290234
4	12.295234
4	12.300234
4	12.305234
4	12.310234
4	12.315234
4	12.320234
4	12.325234
4	12.330235
4	12.335235
4	12.340235
4	12.345235
4	12.350235
4	12.355235
4	12.360235
4	12.365235
4	12.370235
4	12.375236
4	12.380236
4	12.385236
4	12.390236
4	12.395236
4	12.400236
4	12.405236
4	12.410236
4	12.415236
4	12.420237
4	12.425237
4	12.430237
4	12.435237
4	12.440237
4	12.445237
4	12.450237
4	12.455237
4	12.4602375
4	12.465238
4	12.470238
4	12.475238
4	12.480238
4	12.485238
4	12.490238
4	12.495238
4	12.500238
4	12.505239
4	12.510239
4	12.515239
4	12.520239
4	12.525239
4	12.530239
4	12.535239
4	12.540239
4	12.545239
4	12.55024
4	12.55524
4	12.56024
4	12.56524
4	12.57024
4	12.57524
4	12.58024
4	12.58524
4	12.5902405
4	12.595241
4	12.600241
4	12.605241
4	12.610241
4	12.615241
4	12.620241
4	12.625241
4	12.630241
4	12.6352415
4	12.640242
4	12.645242
4	12.650242
4	12.655242
4	12.660242
4	12.665242
4	12.670242
4	12.675242
4	12.680243
4	12.685243
4	12.690243
4	12.695243
4	12.700243
4	12.705243
4	12.710243
4	12.715243
4	12.720243
4	12.725244
4	12.730244
4	12.735244
4	12.740244
4	12.745244
4	12.750244
4	12.755244
4	12.760244
4	12.7652445
4	12.770245
4	12.775245
4	12.780245
4	12.785245
4	12.790245
4	12.795245
4	12.800245
4	12.805245
4	12.8102455
4	12.815246
4	12.820246
4	12.825246
4	12.830246
4	12.835246
4	12.840246
4	12.845246
4	12.850246
4	12.855247
4	12.860247
4	12.865247
4	12.870247
4	12.875247
4	12.880247
4	12.885247
4	12.890247
4	12.895247
4	12.900248
4	12.905248
4	12.910248
4	12.915248
4	12.920248
4	12.925248
4	12.930248
4	12.935248
4	12.9402485
4	12.945249
4	12.950249
4	12.955249
4	12.960249
4	12.965249
4	12.970249
4	12.975249
4	12.980249
4	12.9852495
4	12.99025
4	12.99525
4	13.00025
4	13.00525
4	13.01025
4	13.01525
4	13.02025
4	13.02525
4	13.030251
4	13.035251
4	13.040251
4	13.045251
4	13.050251
4	13.055251
4	13.060251
4	13.065251
4	13.070251
4	13.075252
4	13.080252
4	13.085252
3	13.090252
3	13.095252
3	13.100252
3	13.105252
3	13.110252
3	13.1152525
3	13.120253
3	13.125253
3	13.130253
3	13.135253
3	13.140253
3	13.145253
3	13.150253
3	13.155253
3	13.160254
3	13.165254
3	13.170254
3	13.175254
3	13.180254
3	13.185254
3	13.190254
3	13.195254
3	13.200254
3	13.205255
3	13.210255
3	13.215255
3	13.220255
3	13.225255
3	13.230255
3	13.235255
3	13.240255
3	13.245255
3	13.250256
3	13.255256
3	13.260256
3	13.265256
3	13.270256
3	13.275256
3	13.280256
3	13.285256
3	13.2902565
3	13.295257
3	13.300257
3	13.305257
3	13.310257
3	13.315257
3	13.320257
3	13.325257
3	13.330257
3	13.335258
3	13.340258
3	13.345258
3	13.350258
3	13.355258
3	13.360258
3	13.365258
3	13.370258
3	13.375258
3	13.380259
3	13.385259
3	13.390259
3	13.395259
3	13.400259
3	13.405259
3	13.410259
3	13.415259
3	13.420259
3	13.42526
3	13.43026
3	13.43526
3	13.44026
3	13.44526
3	13.45026
3	13.45526
3	13.46026
3	13.4652605
3	13.470261
3	13.475261
3	13.480261
3	13.485261
3	13.490261
3	13.495261
3	13.500261
3	13.505261
3	13.510262
3	13.515262
3	13.520262
3	13.525262
3	13.530262
3	13.535262
3	13.540262
3	13.545262
3	13.550262
3	13.555263
3	13.560263
3	13.565263
3	13.570263
3	13.575263
3	13.580263
3	13.585263
3	13.590263
3	13.5952635
3	13.600264
3	13.605264
3	13.610264
3	13.615264
3	13.620264
3	13.625264
3	13.630264
3	13.635264
3	13.6402645
3	13.645265
3	13.650265
3	13.655265
3	13.660265
3	13.665265
3	13.670265
3	13.675265
3	13.680265
3	13.685266
3	13.690266
3	13.695266
3	13.700266
3	13.705266
3	13.710266
3	13.715266
3	13.720266
3	13.725266
3	13.730267
3	13.735267
3	13.740267
3	13.745267
3	13.750267
3	13.755267
3	13.760267
3	13.765267
3	13.7702675
3	13.775268
3	13.780268
3	13.785268
3	13.790268
3	13.795268
3	13.800268
3	13.805268
3	13.810268
3	13.8152685
3	13.820269
3	13.825269
3	13.830269
3	13.835269
3	13.840269
3	13.845269
3	13.850269
3	13.855269
3	13.86027
3	13.86527
3	13.87027
3	13.87527
3	13.88027
3	13.88527
3	13.89027
3	13.89527
3	13.90027
3	13.905271
3	13.910271
3	13.915271
3	13.920271
3	13.925271
3	13.930271
3	13.935271
3	13.940271
3	13.9452715
3	13.950272
3	13.955272
3	13.960272
3	13.965272
3	13.970272
3	13.975272
3	13.980272
3	13.985272
3	13.9902725
3	13.995273
3	14.000273
3	14.005273
3	14.010273
3	14.015273
3	14.020273
3	14.025273
3	14.030273
3	14.035274
3	14.040274
3	14.045274
3	14.050274
3	14.055274
3	14.060274
3	14.065274
3	14.070274
3	14.075274
3	14.080275
3	14.085275
3	14.090275
3	14.095275
3	14.100275
3	14.105275
3	14.110275
3	14.115275
3	14.1202755
3	14.125276
3	14.130276
3	14.135276
3	14.140276
3	14.145276
3	14.150276
3	14.155276
3	14.160276
3	14.165277
3	14.170277
3	14.175277
3	14.180277
3	14.185277
3	14.190277
3	14.195277
3	14.200277
3	14.205277
3	14.210278
3	14.215278
3	14.220278
3	14.225278
3	14.230278
3	14.235278
3	14.240278
3	14.245278
3	14.250278
3	14.255279
3	14.260279
3	14.265279
3	14.270279
3	14.275279
3	14.280279
3	14.285279
3	14.290279
3	14.2952795
3	14.30028
3	14.30528
3	14.31028
3	14.31528
3	14.32028
3	14.32528
3	14.33028
3	14.33528
3	14.340281
3	14.345281
3	14.350281
3	14.355281
3	14.360281
3	14.365281
3	14.370281
3	14.375281
3	14.380281
3	14.385282
3	14.390282
3	14.395282
3	14.400282
3	14.405282
3	14.410282
3	14.415282
3	14.420282
3	14.4252825
3	14.430283
3	14.435283
3	14.440283
3	14.445283
3	14.450283
3	14.455283
3	14.460283
3	14.465283
3	14.4702835
3	14.475284
3	14.480284
3	14.485284
3	14.490284
3	14.495284
3	14.500284
3	14.505284
3	14.510284
3	14.515285
3	14.520285
3	14.525285
3	14.530285
3	14.535285
3	14.540285
3	14.545285
3	14.550285
3	14.555285
3	14.560286
3	14.565286
3	14.570286
3	14.575286
3	14.580286
3	14.585286
3	14.590286
3	14.595286
3	14.6002865
3	14.605287
3	14.610287
3	14.615287
3	14.620287
3	14.625287
3	14.630287
3	14.635287
3	14.640287
3	14.6452875
3	14.650288
3	14.655288
3	14.660288
3	14.665288
2	14.670288
2	14.675288
2	14.680288
2	14.685288
2	14.690289
2	14.695289
2	14.700289
2	14.705289
2	14.710289
2	14.715289
2	14.720289
2	14.725289
2	14.730289
2	14.73529
2	14.74029
2	14.74529
2	14.75029
2	14.75529
2	14.76029
2	14.76529
2	14.77029
2	14.7752905
2	14.780291
2	14.785291
2	14.790291
2	14.795291
2	14.800291
2	14.805291
2	14.810291
2	14.815291
2	14.8202915
2	14.825292
2	14.830292
2	14.835292
2	14.840292
2	14.845292
2	14.850292
2	14.855292
2	14.860292
2	14.865293
2	14.870293
2	14.875293
2	14.880293
2	14.885293
2	14.890293
2	14.895293
2	14.900293
2	14.905293
2	14.910294
2	14.915294
2	14.920294
2	14.925294
2	14.930294
2	14.935294
2	14.940294
2	14.945294
2	14.9502945
2	14.955295
2	14.960295
2	14.965295
2	14.970295
2	14.975295
2	14.980295
2	14.985295
2	14.990295
2	14.995296
2	15.000296
2	15.005296
2	15.010296
2	15.015296
2	15.020296
2	15.025296
2	15.030296
2	15.035296
2	15.040297
2	15.045297
2	15.050297
2	15.055297
2	15.060297
2	15.065297
2	15.070297
2	15.075297
2	15.080297
2	15.085298
2	15.090298
2	15.095298
2	15.100298
2	15.105298
2	15.110298
2	15.115298
2	15.120298
2	15.1252985
2	15.130299
2	15.135299
2	15.140299
2	15.145299
2	15.150299
2	15.155299
2	15.160299
2	15.165299
2	15.1703
2	15.1753
2	15.1803
2	15.1853
2	15.1903
2	15.1953
2	15.2003
2	15.2053
2	15.2103
2	15.215301
2	15.220301
2	15.225301
2	15.230301
2	15.235301
2	15.240301
2	15.245301
2	15.250301
2	15.255301
2	15.260302
2	15.265302
2	15.270302
2	15.275302
2	15.280302
2	15.285302
2	15.290302
2	15.295302
2	15.3003025
2	15.305303
2	15.310303
2	15.315303
2	15.320303
2	15.325303
2	15.330303
2	15.335303
2	15.340303
2	15.345304
2	15.350304
2	15.355304
2	15.360304
2	15.365304
2	15.370304
2	15.375304
2	15.380304
2	15.385304
2	15.390305
2	15.395305
2	15.400305
2	15.405305
2	15.410305
2	15.415305
2	15.420305
2	15.425305
2	15.4303055
2	15.435306
2	15.440306
2	15.445306
2	15.450306
2	15.455306
2	15.460306
2	15.465306
2	15.470306
2	15.4753065
2	15.480307
2	15.485307
2	15.490307
2	15.495307
2	15.500307
2	15.505307
2	15.510307
2	15.515307
2	15.520308
2	15.525308
2	15.530308
2	15.535308
2	15.540308
2	15.545308
2	15.550308
2	15.555308
2	15.560308
2	15.565309
2	15.570309
2	15.575309
2	15.580309
2	15.585309
2	15.590309
2	15.595309
2	15.600309
2	15.6053095
2	15.61031
2	15.61531
2	15.62031
2	15.62531
2	15.63031
2	15.63531
2	15.64031
2	15.64531
2	15.6503105
2	15.655311
2	15.660311
2	15.665311
2	15.670311
2	15.675311
2	15.680311
2	15.685311
2	15.690311
2	15.695312
2	15.700312
2	15.705312
2	15.710312
2	15.715312
2	15.720312
2	15.725312
2	15.730312
2	15.735312
2	15.740313
2	15.745313
2	15.750313
2	15.755313
2	15.760313
2	15.765313
2	15.770313
2	15.775313
2	15.7803135
2	15.785314
2	15.790314
2	15.795314
2	15.800314
2	15.805314
2	15.810314
2	15.815314
2	15.820314
2	15.8253145
2	15.830315
2	15.835315
2	15.840315
2	15.845315
2	15.850315
2	15.855315
2	15.860315
2	15.865315
2	15.870316
2	15.875316
2	15.880316
2	15.885316
2	15.890316
2	15.895316
2	15.900316
2	15.905316
2	15.910316
2	15.915317
2	15.920317
2	15.925317
2	15.930317
2	15.935317
2	15.940317
2	15.945317
2	15.950317
2	15.9553175
2	15.960318
2	15.965318
2	15.970318
2	15.975318
2	15.980318
2	15.985318
2	15.990318
2	15.995318
2	16.000319
2	16.005318
2	16.010317
2	16.015316
2	16.020315
2	16.025314
2	16.030313
2	16.035313
2	16.040312
2	16.045311
2	16.05031
2	16.05531
2	16.060308
2	16.065308
2	16.070307
2	16.075306
2	16.080305
2	16.085304
2	16.090303
2	16.095303
2	16.100302
2	16.1053
2	16.1103
2	16.1153
2	16.120298
2	16.125298
2	16.130297
2	16.135296
2	16.140295
2	16.145294
2	16.150293
2	16.155293
2	16.160292
2	16.16529
2	16.17029
2	16.17529
2	16.180288
2	16.185287
2	16.190287
2	16.195286
2	16.200285
2	16.205284
2	16.210283
2	16.215282
2	16.220282
2	16.22528
2	16.23028
2	16.23528
2	16.240278
2	16.245277
2	16.250277
2	16.255276
2	16.260275
2	16.265274
2	16.270273
2	16.275272
2	16.280272
2	16.28527
2	16.29027
2	16.295269
2	16.300268
2	16.305267
2	16.310266
2	16.315266
2	16.320265
2	16.325264
2	16.330263
2	16.335262
2	16.340261
2	16.34526
2	16.35026
2	16.355259
2	16.360258
2	16.365257
2	16.370256
2	16.375256
2	16.380255
2	16.385254
2	16.390253
2	16.395252
2	16.400251
2	16.40525
2	16.41025
2	16.415249
2	16.420248
2	16.425247
2	16.430246
2	16.435246
2	16.440245
2	16.445244
2	16.450243
2	16.455242
2	16.460241
2	16.46524
2	16.47024
2	16.475239
2	16.480238
2	16.485237
2	16.490236
2	16.495235
2	16.500235
2	16.505234
2	16.510233
2	16.515232
2	16.520231
2	16.52523
2	16.53023
2	16.535229
2	16.540228
2	16.545227
2	16.550226
2	16.555225
2	16.560225
2	16.565224
2	16.570223
2	16.575222
2	16.580221
2	16.58522
2	16.59022
2	16.595219
2	16.600218
2	16.605217
2	16.610216
2	16.615215
2	16.620214
2	16.625214
2	16.630213
2	16.635212
2	16.640211
2	16.64521
2	16.65021
2	16.655209
2	16.660208
2	16.665207
2	16.670206
2	16.675205
2	16.680204
2	16.685204
2	16.690203
2	16.695202
2	16.700201
2	16.7052
2	16.7102
2	16.715199
2	16.720198
2	16.725197
2	16.730196
2	16.735195
2	16.740194
2	16.745193
2	16.750193
2	16.755192
2	16.760191
2	16.76519
2	16.77019
2	16.775188
2	16.780188
2	16.785187
2	16.790186
2	16.795185
2	16.800184
2	16.805183
2	16.810183
2	16.815182
2	16.82018
2	16.82518
2	16.83018
2	16.835178
2	16.840178
2	16.845177
2	16.850176
2	16.855175
2	16.860174
2	16.865173
2	16.870173
2	16.875172
2	16.88017
2	16.88517
2	16.89017
2	16.895168
2	16.900167
2	16.905167
2	16.910166
2	16.915165
2	16.920164
2	16.925163
2	16.930162
2	16.935162
2	16.94016
2	16.94516
2	16.95016
2	16.955158
2	16.960157
2	16.965157
2	16.970156
2	16.975155
2	16.980154
2	16.985153
2	16.990152
2	16.995152
2	17.00015
2	17.00515
2	17.010149
2	17.015148
2	17.020147
2	17.025146
2	17.030146
2	17.035145
2	17.040144
2	17.045143
2	17.050142
2	17.055141
2	17.06014
2	17.06514
2	17.070139
2	17.075138
2	17.080137
2	17.085136
2	17.090136
2	17.095135
2	17.100134
2	17.105133
2	17.110132
2	17.115131
2	17.12013
2	17.12513
2	17.130129
2	17.135128
2	17.140127
2	17.145126
2	17.150126
2	17.155125
2	17.160124
2	17.165123
2	17.170122
2	17.175121
2	17.18012
2	17.18512
2	17.190119
2	17.195118
2	17.200117
2	17.205116
2	17.210115
2	17.215115
2	17.220114
2	17.225113
2	17.230112
2	17.235111
2	17.24011
2	17.24511
2	17.250109
2	17.255108
2	17.260107
2	17.265106
2	17.270105
2	17.275105
2	17.280104
2	17.285103
2	17.290102
2	17.295101
2	17.3001
2	17.3051
2	17.310099
2	17.315098
2	17.320097
2	17.325096
2	17.330095
2	17.335094
2	17.340094
2	17.345093
2	17.350092
2	17.355091
2	17.36009
2	17.36509
2	17.370089
2	17.375088
2	17.380087
2	17.385086
2	17.390085
2	17.395084
2	17.400084
2	17.405083
2	17.410082
2	17.415081
2	17.42008
2	17.42508
2	17.430079
2	17.435078
2	17.440077
2	17.445076
2	17.450075
2	17.455074
2	17.460073
2	17.465073
2	17.470072
2	17.47507
2	17.48007
2	17.48507
2	17.490068
2	17.495068
2	17.500067
2	17.505066
2	17.510065
2	17.515064
2	17.520063
2	17.525063
2	17.530062
2	17.53506
2	17.54006
2	17.54506
2	17.550058
2	17.555058
2	17.560057
2	17.565056
2	17.570055
2	17.575054
2	17.580053
2	17.585052
2	17.590052
2	17.59505
2	17.60005
2	17.60505
2	17.610048
2	17.615047
2	17.620047
2	17.625046
2	17.630045
2	17.635044
2	17.640043
2	17.645042
2	17.650042
2	17.65504
2	17.66004
2	17.66504
2	17.670038
2	17.675037
2	17.680037
2	17.685036
2	17.690035
2	17.695034
2	17.700033
2	17.705032
2	17.710032
2	17.71503
2	17.72003
2	17.725029
2	17.730028
2	17.735027
2	17.740026
2	17.745026
2	17.750025
2	17.755024
2	17.760023
2	17.765022
2	17.770021
2	17.77502
2	17.78002
2	17.785019
2	17.790018
2	17.795017
2	17.800016
2	17.805016
2	17.810015
2	17.815014
2	17.820013
2	17.825012
2	17.830011
2	17.83501
2	17.84001
2	17.845009
2	17.850008
2	17.855007
2	17.860006
2	17.865005
2	17.870005
2	17.875004
2	17.880003
2	17.885002
2	17.890001
2	17.895
2	17.9
2	17.904999
2	17.909998
2	17.914997
2	17.919996
2	17.924995
2	17.929995
2	17.934994
2	17.939993
2	17.944992
2	17.949991
2	17.95499
2	17.95999
2	17.964989
2	17.969988
2	17.974987
2	17.979986
2	17.984985
2	17.989985
2	17.994984
2	17.999983
2	18.004982
2	18.009981
2	18.01498
2	18.01998
2	18.024979
2	18.029978
2	18.034977
2	18.039976
2	18.044975
2	18.049974
2	18.054974
2	18.059973
2	18.064972
2	18.069971
2	18.07497
2	18.07997
2	18.084969
2	18.089968
2	18.094967
2	18.099966
2	18.104965
2	18.109964
2	18.114964
2	18.119963
2	18.124962
2	18.129961
2	18.13496
2	18.13996
2	18.144958
2	18.149958
2	18.154957
2	18.159956
2	18.164955
2	18.169954
2	18.174953
2	18.179953
2	18.184952
2	18.18995
2	18.19495
2	18.19995
2	18.204948
2	18.209948
2	18.214947
2	18.219946
2	18.224945
2	18.229944
2	18.234943
2	18.239943
2	18.244942
2	18.24994
2	18.25494
2	18.25994
2	18.264938
2	18.269938
2	18.274937
2	18.279936
2	18.284935
2	18.289934
2	18.294933
2	18.299932
2	18.304932
2	18.30993
2	18.31493
2	18.31993
2	18.324928
2	18.329927
2	18.334927
2	18.339926
2	18.344925
2	18.349924
2	18.354923
2	18.359922
2	18.364922
2	18.36992
2	18.37492
2	18.37992
2	18.384918
2	18.389917
2	18.394917
2	18.399916
2	18.404915
2	18.409914
2	18.414913
2	18.419912
2	18.424911
2	18.42991
2	18.43491
2	18.439909
2	18.444908
2	18.449907
2	18.454906
2	18.459906
2	18.464905
2	18.469904
2	18.474903
2	18.479902
2	18.484901
2	18.4899
2	18.4949
2	18.499899
2	18.504898
2	18.509897
2	18.514896
2	18.519896
2	18.524895
2	18.529894
2	18.534893
2	18.539892
2	18.544891
2	18.54989
2	18.55489
2	18.559889
2	18.564888
2	18.569887
2	18.574886
2	18.579885
2	18.584885
2	18.589884
2	18.594883
2	18.599882
2	18.604881
2	18.60988
2	18.61488
2	18.619879
2	18.624878
2	18.629877
2	18.634876
2	18.639875
2	18.644875
2	18.649874
2	18.654873
2	18.659872
2	18.664871
2	18.66987
2	18.67487
2	18.679869
2	18.684868
2	18.689867
2	18.694866
2	18.699865
2	18.704865
2	18.709864
2	18.714863
2	18.719862
2	18.724861
2	18.72986
2	18.73486
2	18.739859
2	18.744858
2	18.749857
2	18.754856
2	18.759855
2	18.764854
2	18.769854
2	18.774853
2	18.779852
2	18.784851
2	18.78985
2	18.79485
2	18.799849
2	18.804848
2	18.809847
2	18.814846
2	18.819845
2	18.824844
2	18.829844
2	18.834843
2	18.839842
2	18.844841
2	18.84984
2	18.85484
2	18.859838
2	18.864838
2	18.869837
2	18.874836
2	18.879835
2	18.884834
2	18.889833
2	18.894833
2	18.899832
2	18.90483
2	18.90983
2	18.91483
2	18.919828
2	18.924828
2	18.929827
2	18.934826
2	18.939825
2	18.944824
2	18.949823
2	18.954823
2	18.959822
2	18.96482
2	18.96982
2	18.97482
2	18.979818
2	18.984818
2	18.989817
2	18.994816
2	18.999815
2	19.004814
2	19.009813
2	19.014812
2	19.019812
2	19.02481
2	19.02981
2	19.03481
2	19.039808
2	19.044807
2	19.049807
2	19.054806
2	19.059805
2	19.064804
2	19.069803
2	19.074802
2	19.079802
2	19.0848
2	19.0898
2	19.094799
2	19.099798
2	19.104797
2	19.109797
2	19.114796
2	19.119795
2	19.124794
2	19.129793
2	19.134792
2	19.139791
2	19.14479
2	19.14979
2	19.154789
2	19.159788
2	19.164787
2	19.169786
2	19.174786
2	19.179785
2	19.184784
2	19.189783
2	19.194782
2	19.199781
2	19.20478
2	19.20978
2	19.214779
2	19.219778
2	19.224777
2	19.229776
2	19.234776
2	19.239775
2	19.244774
2	19.249773
2	19.254772
2	19.259771
2	19.26477
2	19.26977
2	19.274769
2	19.279768
2	19.284767
2	19.289766
2	19.294765
2	19.299765
2	19.304764
2	19.309763
2	19.314762
2	19.319761
2	19.32476
2	19.32976
2	19.334759
2	19.339758
2	19.344757
2	19.349756
2	19.354755
2	19.359755
2	19.364754
2	19.369753
2	19.374752
2	19.379751
2	19.38475
2	19.38975
2	19.394749
2	19.399748
2	19.404747
2	19.409746
2	19.414745
2	19.419744
2	19.424744
2	19.429743
2	19.434742
2	19.439741
2	19.44474
2	19.44974
2	19.454739
2	19.459738
2	19.464737
2	19.469736
2	19.474735
2	19.479734
2	19.484734
2	19.489733
2	19.494732
2	19.499731
2	19.50473
2	19.50973
2	19.514729
2	19.519728
2	19.524727
2	19.529726
2	19.534725
2	19.539724
2	19.544724
2	19.549723
2	19.554722
2	19.559721
2	19.56472
2	19.56972
2	19.574718
2	19.579718
2	19.584717
2	19.589716
2	19.594715
2	19.599714
2	19.604713
2	19.609713
2	19.614712
2	19.61971
2	19.62471
2	19.62971
2	19.634708
2	19.639708
2	19.644707
2	19.649706
2	19.654705
2	19.659704
2	19.664703
2	19.669703
2	19.674702
2	19.6797
2	19.6847
2	19.6897
2	19.694698
2	19.699697
2	19.704697
2	19.709696
2	19.714695
2	19.719694
2	19.724693
2	19.729692
2	19.734692
2	19.73969
2	19.74469
2	19.74969
2	19.754688
2	19.759687
2	19.764687
2	19.769686
2	19.774685
2	19.779684
2	19.784683
2	19.789682
2	19.794682
2	19.79968
2	19.80468
2	19.809679
2	19.814678
2	19.819677
2	19.824677
2	19.829676
2	19.834675
2	19.839674
2	19.844673
2	19.849672
2	19.854671
2	19.85967
2	19.86467
2	19.869669
2	19.874668
2	19.879667
2	19.884666
2	19.889666
2	19.894665
2	19.899664
2	19.904663
2	19.909662
2	19.914661
2	19.91966
2	19.92466
2	19.929659
2	19.934658
2	19.939657
2	19.944656
2	19.949656
2	19.954655
2	19.959654
2	19.964653
2	19.969652
2	19.974651
2	19.97965
2	19.98465
2	19.989649
2	19.994648
2	19.999647
2	20.004646
2	20.009645
2	20.014645
2	20.019644
2	20.024643
2	20.029642
2	20.034641
2	20.03964
2	20.04464
2	20.049639
2	20.054638
2	20.059637
2	20.064636
2	20.069635
2	20.074635
2	20.079634
2	20.084633
2	20.089632
2	20.094631
2	20.09963
2	20.10463
2	20.109629
2	20.114628
2	20.119627
2	20.124626
2	20.129625
2	20.134624
2	20.139624
2	20.144623
2	20.149622
2	20.154621
2	20.15962
2	20.16462
2	20.169619
2	20.174618
2	20.179617
2	20.184616
2	20.189615
2	20.194614
2	20.199614
2	20.204613
2	20.209612
2	20.214611
2	20.21961
2	20.22461
2	20.229609
2	20.234608
2	20.239607
2	20.244606
2	20.249605
2	20.254604
2	20.259604
2	20.264603
2	20.269602
2	20.274601
2	20.2796
2	20.2846
2	20.289598
2	20.294598
2	20.299597
2	20.304596
2	20.309595
2	20.314594
2	20.319593
2	20.324593
2	20.329592
2	20.33459
2	20.33959
2	20.34459
2	20.349588
2	20.354588
2	20.359587
2	20.364586
2	20.369585
2	20.374584
2	20.379583
2	20.384583
2	20.389582
2	20.39458
2	20.39958
2	20.40458
2	20.409578
2	20.414577
2	20.419577
2	20.424576
2	20.429575
2	20.434574
2	20.439573
2	20.444572
2	20.449572
2	20.45457
2	20.45957
2	20.46457
2	20.469568
2	20.474567
2	20.479567
2	20.484566
2	20.489565
2	20.494564
2	20.499563
2	20.504562
2	20.509562
2	20.51456
2	20.51956
2	20.524559
2	20.529558
2	20.534557
2	20.539557
2	20.544556
2	20.549555
2	20.554554
2	20.559553
2	20.564552
2	20.569551
2	20.57455
2	20.57955
2	20.584549
2	20.589548
2	20.594547
2	20.599546
2	20.604546
2	20.609545
2	20.614544
2	20.619543
2	20.624542
2	20.629541
2	20.63454
2	20.63954
2	20.644539
2	20.649538
2	20.654537
2	20.659536
2	20.664536
2	20.669535
2	20.674534
2	20.679533
2	20.684532
2	20.689531
2	20.69453
2	20.69953
2	20.704529
2	20.709528
2	20.714527
2	20.719526
2	20.724525
2	20.729525
2	20.734524
2	20.739523
2	20.744522
2	20.749521
2	20.75452
2	20.75952
2	20.764519
2	20.769518
2	20.774517
2	20.779516
2	20.784515
2	20.789515
2	20.794514
2	20.799513
2	20.804512
2	20.809511
2	20.81451
2	20.81951
2	20.824509
2	20.829508
2	20.834507
2	20.839506
2	20.844505
2	20.849504
2	20.854504
2	20.859503
2	20.864502
2	20.869501
2	20.8745
2	20.8795
2	20.884499
2	20.889498
2	20.894497
2	20.899496
2	20.904495
2	20.909494
2	20.914494
2	20.919493
2	20.924492
2	20.929491
2	20.93449
2	20.93949
2	20.944489
2	20.949488
2	20.954487
2	20.959486
2	20.964485
2	20.969484
2	20.974483
2	20.979483
2	20.984482
2	20.989481
2	20.99448
2	20.99948
2	21.004478
2	21.009478
2	21.014477
2	21.019476
2	21.024475
2	21.029474
2	21.034473
2	21.039473
2	21.044472
2	21.04947
2	21.05447
2	21.05947
2	21.064468
2	21.069468
2	21.074467
2	21.079466
2	21.084465
2	21.089464
2	21.094463
2	21.099463
2	21.104462
2	21.10946
2	21.11446
2	21.11946
2	21.124458
2	21.129457
2	21.134457
2	21.139456
2	21.144455
2	21.149454
2	21.154453
2	21.159452
2	21.164452
2	21.16945
2	21.17445
2	21.17945
2	21.184448
2	21.189447
2	21.194447
2	21.199446
2	21.204445
2	21.209444
2	21.214443
2	21.219442
2	21.224442
2	21.22944
2	21.23444
2	21.239439
2	21.244438
2	21.249437
2	21.254436
2	21.259436
2	21.264435
2	21.269434
2	21.274433
2	21.279432
2	21.284431
2	21.28943
2	21.29443
2	21.299429
2	21.304428
2	21.309427
2	21.314426
2	21.319426
2	21.324425
2	21.329424
2	21.334423
2	21.339422
2	21.344421
2	21.34942
2	21.35442
2	21.359419
2	21.364418
2	21.369417
2	21.374416
2	21.379416
2	21.384415
2	21.389414
2	21.394413
2	21.399412
2	21.404411
2	21.40941
2	21.41441
2	21.419409
2	21.424408
2	21.429407
2	21.434406
2	21.439405
2	21.444405
2	21.449404
2	21.454403
2	21.459402
2	21.464401
2	21.4694
2	21.4744
2	21.479399
2	21.484398
2	21.489397
2	21.494396
2	21.499395
2	21.504395
2	21.509394
2	21.514393
2	21.519392
2	21.524391
2	21.52939
2	21.53439
2	21.539389
2	21.544388
2	21.549387
2	21.554386
2	21.559385
2	21.564384
2	21.569384
2	21.574383
2	21.579382
2	21.584381
2	21.58938
2	21.59438
2	21.599379
2	21.604378
2	21.609377
2	21.614376
2	21.619375
2	21.624374
2	21.629374
2	21.634373
2	21.639372
2	21.644371
2	21.64937
2	21.65437
2	21.659369
2	21.664368
2	21.669367
2	21.674366
2	21.679365
2	21.684364
2	21.689363
2	21.694363
2	21.699362
2	21.704361
2	21.70936
2	21.71436
2	21.719358
2	21.724358
2	21.729357
2	21.734356
2	21.739355
2	21.744354
2	21.749353
2	21.754353
2	21.759352
2	21.76435
2	21.76935
2	21.77435
2	21.779348
2	21.784348
2	21.789347
2	21.794346
2	21.799345
2	21.804344
2	21.809343
2	21.814342
2	21.819342
2	21.82434
2	21.82934
2	21.83434
2	21.839338
2	21.844337
2	21.849337
2	21.854336
2	21.859335
2	21.864334
2	21.869333
2	21.874332
2	21.879332
2	21.88433
2	21.88933
2	21.89433
2	21.899328
2	21.904327
2	21.909327
2	21.914326
2	21.919325
2	21.924324
2	21.929323
2	21.934322
2	21.939322
2	21.94432
2	21.94932
2	21.954319
2	21.959318
2	21.964317
2	21.969316
2	21.974316
2	21.979315
2	21.984314
2	21.989313
2	21.994312
2	21.999311
2	22.00431
2	22.00931
2	22.014309
2	22.019308
2	22.024307
2	22.029306
2	22.034306
2	22.039305
2	22.044304
2	22.049303
2	22.054302
2	22.059301
2	22.0643
2	22.0693
2	22.074299
2	22.079298
2	22.084297
2	22.089296
2	22.094296
2	22.099295
2	22.104294
2	22.109293
2	22.114292
2	22.119291
2	22.12429
2	22.12929
2	22.134289
2	22.139288
2	22.144287
2	22.149286
2	22.154285
2	22.159285
2	22.164284
2	22.169283
2	22.174282
2	22.179281
2	22.18428
2	22.18928
2	22.194279
2	22.199278
2	22.204277
2	22.209276
2	22.214275
2	22.219275
2	22.224274
2	22.229273
2	22.234272
2	22.239271
2	22.24427
2	22.24927
2	22.254269
2	22.259268
2	22.264267
2	22.269266
2	22.274265
2	22.279264
2	22.284264
2	22.289263
2	22.294262
2	22.299261
2	22.30426
2	22.30926
2	22.314259
2	22.319258
2	22.324257
2	22.329256
2	22.334255
2	22.339254
2	22.344254
2	22.349253
2	22.354252
2	22.359251
2	22.36425
2	22.36925
2	22.374249
2	22.379248
2	22.384247
2	22.389246
2	22.394245
2	22.399244
2	22.404243
2	22.409243
2	22.414242
2	22.41924
2	22.42424
2	22.42924
2	22.434238
2	22.439238
2	22.444237
2	22.449236
2	22.454235
2	22.459234
2	22.464233
2	22.469233
2	22.474232
2	22.47923
2	22.48423
2	22.48923
2	22.494228
2	22.499228
2	22.504227
2	22.509226
2	22.514225
2	22.519224
2	22.524223
2	22.529222
2	22.534222
2	22.53922
2	22.54422
2	22.54922
2	22.554218
2	22.559217
2	22.564217
2	22.569216
2	22.574215
2	22.579214
2	22.584213
2	22.589212
2	22.594212
2	22.59921
2	22.60421
2	22.60921
2	22.614208
2	22.619207
2	22.624207
2	22.629206
2	22.634205
2	22.639204
2	22.644203
2	22.649202
2	22.654202
2	22.6592
2	22.6642
2	22.669199
2	22.674198
2	22.679197
2	22.684196
2	22.689196
2	22.694195
2	22.699194
2	22.704193
2	22.709192
2	22.714191
2	22.71919
2	22.72419
2	22.729189
2	22.734188
2	22.739187
2	22.744186
2	22.749186
2	22.754185
2	22.759184
2	22.764183
2	22.769182
2	22.774181
2	22.77918
2	22.78418
2	22.789179
2	22.794178
2	22.799177
2	22.804176
2	22.809175
2	22.814175
2	22.819174
2	22.824173
2	22.829172
2	22.834171
2	22.83917
2	22.84417
2	22.849169
2	22.854168
2	22.859167
2	22.864166
2	22.869165
2	22.874165
2	22.879164
2	22.884163
2	22.889162
2	22.894161
2	22.89916
2	22.90416
2	22.909159
2	22.914158
2	22.919157
2	22.924156
2	22.929155
2	22.934155
2	22.939154
2	22.944153
2	22.949152
2	22.954151
2	22.95915
2	22.96415
2	22.969149
2	22.974148
2	22.979147
2	22.984146
2	22.989145
2	22.994144
2	22.999144
2	23.004143
2	23.009142
2	23.014141
2	23.01914
2	23.02414
2	23.029139
2	23.034138
2	23.039137
2	23.044136
2	23.049135
2	23.054134
2	23.059134
2	23.064133
2	23.069132
2	23.074131
2	23.07913
2	23.08413
2	23.089128
2	23.094128
2	23.099127
2	23.104126
2	23.109125
2	23.114124
2	23.119123
2	23.124123
2	23.129122
2	23.13412
2	23.13912
2	23.14412
2	23.149118
2	23.154118
2	23.159117
2	23.164116
2	23.169115
2	23.174114
2	23.179113
2	23.184113
2	23.189112
2	23.19411
2	23.19911
2	23.20411
2	23.209108
2	23.214108
2	23.219107
2	23.224106
2	23.229105
2	23.234104
2	23.239103
2	23.244102
2	23.249102
2	23.2541
2	23.2591
2	23.2641
2	23.269098
2	23.274097
2	23.279097
2	23.284096
2	23.289095
2	23.294094
2	23.299093
2	23.304092
2	23.309092
2	23.31409
2	23.31909
2	23.32409
2	23.329088
2	23.334087
2	23.339087
2	23.344086
2	23.349085
2	23.354084
2	23.359083
2	23.364082
2	23.369081
2	23.37408
2	23.37908
2	23.384079
2	23.389078
2	23.394077
2	23.399076
2	23.404076
2	23.409075
2	23.414074
2	23.419073
2	23.424072
2	23.429071
2	23.43407
2	23.43907
2	23.444069
2	23.449068
2	23.454067
2	23.459066
2	23.464066
2	23.469065
2	23.474064
2	23.479063
2	23.484062
2	23.489061
2	23.49406
2	23.49906
2	23.504059
2	23.509058
2	23.514057
2	23.519056
2	23.524055
2	23.529055
2	23.534054
2	23.539053
2	23.544052
2	23.549051
2	23.55405
2	23.55905
2	23.564049
2	23.569048
2	23.574047
2	23.579046
2	23.584045
2	23.589045
2	23.594044
2	23.599043
2	23.604042
2	23.609041
2	23.61404
2	23.61904
2	23.624039
2	23.629038
2	23.634037
2	23.639036
2	23.644035
2	23.649035
2	23.654034
2	23.659033
2	23.664032
2	23.669031
2	23.67403
2	23.67903
2	23.684029
2	23.689028
2	23.694027
2	23.699026
2	23.704025
2	23.709024
2	23.714024
2	23.719023
2	23.724022
2	23.729021
2	23.73402
2	23.73902
2	23.744019
2	23.749018
2	23.754017
2	23.759016
2	23.764015
2	23.769014
2	23.774014
2	23.779013
2	23.784012
2	23.789011
2	23.79401
2	23.79901
2	23.804008
2	23.809008
2	23.814007
2	23.819006
2	23.824005
2	23.829004
2	23.834003
2	23.839003
2	23.844002
2	23.849
2	23.854
2	23.859
2	23.863998
2	23.868998
2	23.873997
2	23.878996
2	23.883995
2	23.888994
2	23.893993
2	23.898993
2	23.903992
2	23.90899
2	23.91399
2	23.91899
2	23.923988
2	23.928988
2	23.933987
2	23.938986
2	23.943985
2	23.948984
2	23.953983
2	23.958982
2	23.963982
2	23.96898
2	23.97398
2	23.97898
2	23.983978
2	23.988977
2	23.993977
2	23.998976
2	24.003975
2	24.008974
2	24.013973
2	24.018972
2	24.023972
2	24.02897
2	24.03397
2	24.038969
2	24.043968
2	24.048967
2	24.053967
2	24.058966
2	24.063965
2	24.068964
2	24.073963
2	24.078962
2	24.083961
2	24.08896
2	24.09396
2	24.098959
2	24.103958
2	24.108957
2	24.113956
2	24.118956
2	24.123955
2	24.128954
2	24.133953
2	24.138952
2	24.143951
2	24.14895
2	24.15395
2	24.158949
2	24.163948
2	24.168947
2	24.173946
2	24.178946
2	24.183945
2	24.188944
2	24.193943
2	24.198942
2	24.203941
2	24.20894
2	24.21394
2	24.218939
2	24.223938
2	24.228937
2	24.233936
2	24.238935
2	24.243935
2	24.248934
2	24.253933
2	24.258932
2	24.263931
2	24.26893
2	24.27393
2	24.278929
2	24.283928
2	24.288927
2	24.293926
2	24.298925
2	24.303925
2	24.308924
2	24.313923
2	24.318922
2	24.323921
2	24.32892
2	24.33392
2	24.338919
2	24.343918
2	24.348917
2	24.353916
2	24.358915
2	24.363914
2	24.368914
2	24.373913
2	24.378912
2	24.383911
2	24.38891
2	24.39391
2	24.398909
2	24.403908
2	24.408907
2	24.413906
2	24.418905
2	24.423904
2	24.428904
2	24.433903
2	24.438902
2	24.443901
2	24.4489
2	24.4539
2	24.458899
2	24.463898
2	24.468897
2	24.473896
2	24.478895
2	24.483894
1	24.488894
1	24.493893
1	24.498892
1	24.503891
1	24.50889
1	24.51389
1	24.518888
1	24.523888
1	24.528887
1	24.533886
1	24.538885
1	24.543884
1	24.548883
1	24.553883
1	24.558882
1	24.56388
1	24.56888
1	24.57388
1	24.578878
1	24.583878
1	24.588877
1	24.593876
1	24.598875
1	24.603874
1	24.608873
1	24.613873
1	24.618872
1	24.62387
1	24.62887
1	24.63387
1	24.638868
1	24.643867
1	24.648867
1	24.653866
1	24.658865
1	24.663864
1	24.668863
1	24.673862
1	24.678862
1	24.68386
1	24.68886
1	24.69386
1	24.698858
1	24.703857
1	24.708857
1	24.713856
1	24.718855
1	24.723854
1	24.728853
1	24.733852
1	24.738852
1	24.74385
1	24.74885
1	24.753849
1	24.758848
1	24.763847
1	24.768847
1	24.773846
1	24.778845
1	24.783844
1	24.788843
1	24.793842
1	24.798841
1	24.80384
1	24.80884
1	24.813839
1	24.818838
1	24.823837
1	24.828836
1	24.833836
1	24.838835
1	24.843834
1	24.848833
1	24.853832
1	24.858831
1	24.86383
1	24.86883
1	24.873829
1	24.878828
1	24.883827
1	24.888826
1	24.893826
1	24.898825
1	24.903824
1	24.908823
1	24.913822
1	24.918821
1	24.92382
1	24.92882
1	24.933819
1	24.938818
1	24.943817
1	24.948816
1	24.953815
1	24.958815
1	24.963814
1	24.968813
1	24.973812
1	24.978811
1	24.98381
1	24.98881
1	24.993809
1	24.998808
1	25.003807
1	25.008806
1	25.013805
1	25.018805
1	25.023804
1	25.028803
1	25.033802
1	25.038801
1	25.0438
1	25.0488
1	25.053799
1	25.058798
1	25.063797
1	25.068796
1	25.073795
1	25.078794
1	25.083794
1	25.088793
1	25.093792
1	25.098791
1	25.10379
1	25.10879
1	25.113789
1	25.118788
1	25.123787
1	25.128786
1	25.133785
1	25.138784
1	25.143784
1	25.148783
1	25.153782
1	25.158781
1	25.16378
1	25.16878
1	25.173779
1	25.178778
1	25.183777
1	25.188776
1	25.193775
1	25.198774
1	25.203773
1	25.208773
1	25.213772
1	25.218771
1	25.22377
1	25.22877
1	25.233768
1	25.238768
1	25.243767
1	25.248766
1	25.253765
1	25.258764
1	25.263763
1	25.268763
1	25.273762
1	25.27876
1	25.28376
1	25.28876
1	25.293758
1	25.298758
1	25.303757
1	25.308756
1	25.313755
1	25.318754
1	25.323753
1	25.328753
1	25.333752
1	25.33875
1	25.34375
1	25.34875
1	25.353748
1	25.358747
1	25.363747
1	25.368746
1	25.373745
1	25.378744
1	25.383743
1	25.388742
1	25.393742
1	25.39874
1	25.40374
1	25.40874
1	25.413738
1	25.418737
1	25.423737
1	25.428736
1	25.433735
1	25.438734
1	25.443733
1	25.448732
1	25.453732
1	25.45873
1	25.46373
1	25.468729
1	25.473728
1	25.478727
1	25.483727
1	25.488726
1	25.493725
1	25.498724
1	25.503723
1	25.508722
1	25.513721
1	25.51872
1	25.52372
1	25.528719
1	25.533718
1	25.538717
1	25.543716
1	25.548716
1	25.553715
1	25.558714
1	25.563713
1	25.568712
1	25.573711
1	25.57871
1	25.58371
1	25.588709
1	25.593708
1	25.598707
1	25.603706
1	25.608706
1	25.613705
1	25.618704
1	25.623703
1	25.628702
1	25.633701
1	25.6387
1	25.6437
1	25.648699
1	25.653698
1	25.658697
1	25.663696
1	25.668695
1	25.673695
1	25.678694
1	25.683693
1	25.688692
1	25.693691
1	25.69869
1	25.70369
1	25.708689
1	25.713688
1	25.718687
1	25.723686
1	25.728685
1	25.733685
1	25.738684
1	25.743683
1	25.748682
1	25.753681
1	25.75868
1	25.76368
1	25.768679
1	25.773678
1	25.778677
1	25.783676
1	25.788675
1	25.793674
1	25.798674
1	25.803673
1	25.808672
1	25.813671
1	25.81867
1	25.82367
1	25.828669
1	25.833668
1	25.838667
1	25.843666
1	25.848665
1	25.853664
1	25.858664
1	25.863663
1	25.868662
1	25.873661
1	25.87866
1	25.88366
1	25.888659
1	25.893658
1	25.898657
1	25.903656
1	25.908655
1	25.913654
1	25.918653
1	25.923653
1	25.928652
1	25.933651
1	25.93865
1	25.94365
1	25.948648
1	25.953648
1	25.958647
1	25.963646
1	25.968645
1	25.973644
1	25.978643
1	25.983643
1	25.988642
1	25.99364
1	25.99864
1	26.00364
1	26.008638
1	26.013638
1	26.018637
1	26.023636
1	26.028635
1	26.033634
1	26.038633
1	26.043633
1	26.048632
1	26.05363
1	26.05863
1	26.06363
1	26.068628
1	26.073627
1	26.078627
1	26.083626
1	26.088625
1	26.093624
1	26.098623
1	26.103622
1	26.108622
1	26.11362
1	26.11862
1	26.12362
1	26.128618
1	26.133617
1	26.138617
1	26.143616
1	26.148615
1	26.153614
1	26.158613
1	26.163612
1	26.168612
1	26.17361
1	26.17861
1	26.183609
1	26.188608
1	26.193607
1	26.198606
1	26.203606
1	26.208605
1	26.213604
1	26.218603
1	26.223602
1	26.228601
1	26.2336
1	26.2386
1	26.243599
1	26.248598
1	26.253597
1	26.258596
1	26.263596
1	26.268595
1	26.273594
1	26.278593
1	26.283592
1	26.288591
1	26.29359
1	26.29859
1	26.303589
1	26.308588
1	26.313587
1	26.318586
1	26.323586
1	26.328585
1	26.333584
1	26.338583
1	26.343582
1	26.348581
1	26.35358
1	26.35858
1	26.363579
1	26.368578
1	26.373577
1	26.378576
1	26.383575
1	26.388575
1	26.393574
1	26.398573
1	26.403572
1	26.408571
1	26.41357
1	26.41857
1	26.423569
1	26.428568
1	26.433567
1	26.438566
1	26.443565
1	26.448565
1	26.453564
1	26.458563
1	26.463562
1	26.468561
1	26.47356
1	26.47856
1	26.483559
1	26.488558
1	26.493557
1	26.498556
1	26.503555
1	26.508554
1	26.513554
1	26.518553
1	26.523552
1	26.528551
1	26.53355
1	26.53855
1	26.543549
1	26.548548
1	26.553547
1	26.558546
1	26.563545
1	26.568544
1	26.573544
1	26.578543
1	26.583542
1	26.588541
1	26.59354
1	26.59854
1	26.603539
1	26.608538
1	26.613537
1	26.618536
1	26.623535
1	26.628534
1	26.633533
1	26.638533
1	26.643532
1	26.648531
1	26.65353
1	26.65853
1	26.663528
1	26.668528
1	26.673527
1	26.678526
1	26.683525
1	26.688524
1	26.693523
1	26.698523
1	26.703522
1	26.70852
1	26.71352
1	26.71852
1	26.723518
1	26.728518
1	26.733517
1	26.738516
1	26.743515
1	26.748514
1	26.753513
1	26.758512
1	26.763512
1	26.76851
1	26.77351
1	26.77851
1	26.783508
1	26.788507
1	26.793507
1	26.798506
1	26.803505
1	26.808504
1	26.813503
1	26.818502
1	26.823502
1	26.8285
1	26.8335
1	26.8385
1	26.843498
1	26.848497
1	26.853497
1	26.858496
1	26.863495
1	26.868494
1	26.873493
1	26.878492
1	26.883492
1	26.88849
1	26.89349
1	26.898489
1	26.903488
1	26.908487
1	26.913486
1	26.918486
1	26.923485
1	26.928484
1	26.933483
1	26.938482
1	26.943481
1	26.94848
1	26.95348
1	26.958479
1	26.963478
1	26.968477
1	26.973476
1	26.978476
1	26.983475
1	26.988474
1	26.993473
1	26.998472
1	27.003471
1	27.00847
1	27.01347
1	27.018469
1	27.023468
1	27.028467
1	27.033466
1	27.038465
1	27.043465
1	27.048464
1	27.053463
1	27.058462
1	27.063461
1	27.06846
1	27.07346
1	27.078459
1	27.083458
1	27.088457
1	27.093456
1	27.098455
1	27.103455
1	27.108454
1	27.113453
1	27.118452
1	27.123451
1	27.12845
1	27.13345
1	27.138449
1	27.143448
1	27.148447
1	27.153446
1	27.158445
1	27.163445
1	27.168444
1	27.173443
1	27.178442
1	27.183441
1	27.18844
1	27.19344
1	27.198439
1	27.203438
1	27.208437
1	27.213436
1	27.218435
1	27.223434
1	27.228434
1	27.233433
1	27.238432
1	27.243431
1	27.24843
1	27.25343
1	27.258429
1	27.263428
1	27.268427
1	27.273426
1	27.278425
1	27.283424
1	27.288424
1	27.293423
1	27.298422
1	27.303421
1	27.30842
1	27.31342
1	27.318419
1	27.323418
1	27.328417
1	27.333416
1	27.338415
1	27.343414
1	27.348413
1	27.353413
1	27.358412
1	27.36341
1	27.36841
1	27.37341
1	27.378408
1	27.383408
1	27.388407
1	27.393406
1	27.398405
1	27.403404
1	27.408403
1	27.413403
1	27.418402
1	27.4234
1	27.4284
1	27.4334
1	27.438398
1	27.443398
1	27.448397
1	27.453396
1	27.458395
1	27.463394
1	27.468393
1	27.473392
1	27.478392
1	27.48339
1	27.48839
1	27.49339
1	27.498388
1	27.503387
1	27.508387
1	27.513386
1	27.518385
1	27.523384
1	27.528383
1	27.533382
1	27.538382
1	27.54338
1	27.54838
1	27.55338
1	27.558378
1	27.563377
1	27.568377
1	27.573376
1	27.578375
1	27.583374
1	27.588373
1	27.593372
1	27.598372
1	27.60337
1	27.60837
1	27.613369
1	27.618368
1	27.623367
1	27.628366
1	27.633366
1	27.638365
1	27.643364
1	27.648363
1	27.653362
1	27.658361
1	27.66336
1	27.66836
1	27.673359
1	27.678358
1	27.683357
1	27.688356
1	27.693356
1	27.698355
1	27.703354
1	27.708353
1	27.713352
1	27.718351
1	27.72335
1	27.72835
1	27.733349
1	27.738348
1	27.743347
1	27.748346
1	27.753345
1	27.758345
1	27.763344
1	27.768343
1	27.773342
1	27.778341
1	27.78334
1	27.78834
1	27.793339
1	27.798338
1	27.803337
1	27.808336
1	27.813335
1	27.818335
1	27.823334
1	27.828333
1	27.833332
1	27.838331
1	27.84333
1	27.84833
1	27.853329
1	27.858328
1	27.863327
1	27.868326
1	27.873325
1	27.878325
1	27.883324
1	27.888323
1	27.893322
1	27.898321
1	27.90332
1	27.90832
1	27.913319
1	27.918318
1	27.923317
1	27.928316
1	27.933315
1	27.938314
1	27.943314
1	27.948313
1	27.953312
1	27.958311
1	27.96331
1	27.96831
1	27.973309
1	27.978308
1	27.983307
1	27.988306
1	27.993305
1	27.998304
1	28.003304
1	28.008303
1	28.013302
1	28.018301
1	28.0233
1	28.0283
1	28.033298
1	28.038298
1	28.043297
1	28.048296
1	28.053295
1	28.058294
1	28.063293
1	28.068293
1	28.073292
1	28.07829
1	28.08329
1	28.08829
1	28.093288
1	28.098288
1	28.103287
1	28.108286
1	28.113285
1	28.118284
1	28.123283
1	28.128283
1	28.133282
1	28.13828
1	28.14328
1	28.14828
1	28.153278
1	28.158278
1	28.163277
1	28.168276
1	28.173275
1	28.178274
1	28.183273
1	28.188272
1	28.193272
1	28.19827
1	28.20327
1	28.20827
1	28.213268
1	28.218267
1	28.223267
1	28.228266
1	28.233265
1	28.238264
1	28.243263
1	28.248262
1	28.253262
1	28.25826
1	28.26326
1	28.26826
1	28.273258
1	28.278257
1	28.283257
1	28.288256
1	28.293255
1	28.298254
1	28.303253
1	28.308252
1	28.313251
1	28.31825
1	28.32325
1	28.328249
1	28.333248
1	28.338247
1	28.343246
1	28.348246
1	28.353245
1	28.358244
1	28.363243
1	28.368242
1	28.373241
1	28.37824
1	28.38324
1	28.388239
1	28.393238
1	28.398237
1	28.403236
1	28.408236
1	28.413235
1	28.418234
1	28.423233
1	28.428232
1	28.433231
1	28.43823
1	28.44323
1	28.448229
1	28.453228
1	28.458227
1	28.463226
1	28.468225
1	28.473225
1	28.478224
1	28.483223
1	28.488222
1	28.493221
1	28.49822
1	28.50322
1	28.508219
1	28.513218
1	28.518217
1	28.523216
1	28.528215
1	28.533215
1	28.538214
1	28.543213
1	28.548212
1	28.553211
1	28.55821
1	28.56321
1	28.568209
1	28.573208
1	28.578207
1	28.583206
1	28.588205
1	28.593204
1	28.598204
1	28.603203
1	28.608202
1	28.613201
1	28.6182
1	28.6232
1	28.628199
1	28.633198
1	28.638197
1	28.643196
1	28.648195
1	28.653194
1	28.658194
1	28.663193
1	28.668192
1	28.673191
1	28.67819
1	28.68319
1	28.688189
1	28.693188
1	28.698187
1	28.703186
1	28.708185
1	28.713184
1	28.718184
1	28.723183
1	28.728182
1	28.733181
1	28.73818
1	28.74318
1	28.748178
1	28.753178
1	28.758177
1	28.763176
1	28.768175
1	28.773174
1	28.778173
1	28.783173
1	28.788172
1	28.79317
1	28.79817
1	28.80317
1	28.808168
1	28.813168
1	28.818167
1	28.823166
1	28.828165
1	28.833164
1	28.838163
1	28.843163
1	28.848162
1	28.85316
1	28.85816
1	28.86316
1	28.868158
1	28.873158
1	28.878157
1	28.883156
1	28.888155
1	28.893154
1	28.898153
1	28.903152
1	28.908152
1	28.91315
1	28.91815
1	28.92315
1	28.928148
1	28.933147
1	28.938147
1	28.943146
1	28.948145
1	28.953144
1	28.958143
1	28.963142
1	28.968142
1	28.97314
1	28.97814
1	28.983139
1	28.988138
1	28.993137
1	28.998137
1	29.003136
1	29.008135
1	29.013134
1	29.018133
1	29.023132
1	29.028131
1	29.03313
1	29.03813
1	29.043129
1	29.048128
1	29.053127
1	29.058126
1	29.063126
1	29.068125
1	29.073124
1	29.078123
1	29.083122
1	29.088121
1	29.09312
1	29.09812
1	29.103119
1	29.108118
1	29.113117
1	29.118116
1	29.123116
1	29.128115
1	29.133114
1	29.138113
1	29.143112
1	29.148111
1	29.15311
1	29.15811
1	29.163109
1	29.168108
1	29.173107
1	29.178106
1	29.183105
1	29.188105
1	29.193104
1	29.198103
1	29.203102
1	29.208101
1	29.2131
1	29.2181
1	29.223099
1	29.228098
1	29.233097
1	29.238096
1	29.243095
1	29.248095
1	29.253094
1	29.258093
1	29.263092
1	29.268091
1	29.27309
1	29.27809
1	29.283089
1	29.288088
1	29.293087
1	29.298086
1	29.303085
1	29.308084
1	29.313084
1	29.318083
1	29.323082
1	29.328081
1	29.33308
1	29.33808
1	29.343079
1	29.348078
1	29.353077
1	29.358076
1	29.363075
1	29.368074
1	29.373074
1	29.378073
1	29.383072
1	29.388071
1	29.39307
1	29.39807
1	29.403069
1	29.408068
1	29.413067
1	29.418066
1	29.423065
1	29.428064
1	29.433064
1	29.438063
1	29.443062
1	29.448061
1	29.45306
1	29.45806
1	29.463058
1	29.468058
1	29.473057
1	29.478056
1	29.483055
1	29.488054
1	29.493053
1	29.498053
1	29.503052
1	29.50805
1	29.51305
1	29.51805
1	29.523048
1	29.528048
1	29.533047
1	29.538046
1	29.543045
1	29.548044
1	29.553043
1	29.558043
1	29.563042
1	29.56804
1	29.57304
1	29.57804
1	29.583038
1	29.588037
1	29.593037
1	29.598036
1	29.603035
1	29.608034
1	29.613033
1	29.618032
1	29.623032
1	29.62803
1	29.63303
1	29.63803
1	29.643028
1	29.648027
1	29.653027
1	29.658026
1	29.663025
1	29.668024
1	29.673023
1	29.678022
1	29.683022
1	29.68802
1	29.69302
1	29.698019
1	29.703018
1	29.708017
1	29.713017
1	29.718016
1	29.723015
1	29.728014
1	29.733013
1	29.738012
1	29.743011
1	29.74801
1	29.75301
1	29.758009
1	29.763008
1	29.768007
1	29.773006
1	29.778006
1	29.783005
1	29.788004
1	29.793003
1	29.798002
1	29.803001
1	29.808
1	29.813
1	29.817999
1	29.822998
1	29.827997
1	29.832996
1	29.837996
1	29.842995
1	29.847994
1	29.852993
1	29.857992
1	29.862991
1	29.86799
1	29.87299
1	29.877989
1	29.882988
1	29.887987
1	29.892986
1	29.897985
1	29.902985
1	29.907984
1	29.912983
1	29.917982
1	29.922981
1	29.92798
1	29.93298
1	29.937979
1	29.942978
1	29.947977
1	29.952976
1	29.957975
1	29.962975
1	29.967974
1	29.972973
1	29.977972
1	29.982971
1	29.98797
1	29.99297
1	29.997969
1	30.002968
1	30.007967
1	30.012966
1	30.017965
1	30.022964
1	30.027964
1	30.032963
1	30.037962
1	30.042961
1	30.04796
1	30.05296
1	30.057959
1	30.062958
1	30.067957
1	30.072956
1	30.077955
1	30.082954
1	30.087954
1	30.092953
1	30.097952
1	30.102951
1	30.10795
1	30.11295
1	30.117949
1	30.122948
1	30.127947
1	30.132946
1	30.137945
1	30.142944
1	30.147943
1	30.152943
1	30.157942
1	30.162941
1	30.16794
1	30.17294
1	30.177938
1	30.182938
1	30.187937
1	30.192936
1	30.197935
1	30.202934
1	30.207933
1	30.212933
1	30.217932
1	30.22293
1	30.22793
1	30.23293
1	30.237928
1	30.242928
1	30.247927
1	30.252926
1	30.257925
1	30.262924
1	30.267923
1	30.272923
1	30.277922
1	30.28292
1	30.28792
1	30.29292
1	30.297918
1	30.302917
1	30.307917
1	30.312916
1	30.317915
1	30.322914
1	30.327913
1	30.332912
1	30.337912
1	30.34291
1	30.34791
1	30.35291
1	30.357908
1	30.362907
1	30.367907
1	30.372906
1	30.377905
1	30.382904
1	30.387903
1	30.392902
1	30.397902
1	30.4029
1	30.4079
1	30.412899
1	30.417898
1	30.422897
1	30.427896
1	30.432896
1	30.437895
1	30.442894
1	30.447893
1	30.452892
1	30.457891
1	30.46289
1	30.46789
1	30.472889
1	30.477888
1	30.482887
1	30.487886
1	30.492886
1	30.497885
1	30.502884
1	30.507883
1	30.512882
1	30.517881
1	30.52288
1	30.52788
1	30.532879
1	30.537878
1	30.542877
1	30.547876
1	30.552876
1	30.557875
1	30.562874
1	30.567873
1	30.572872
1	30.577871
1	30.58287
1	30.58787
1	30.592869
1	30.597868
1	30.602867
1	30.607866
1	30.612865
1	30.617865
1	30.622864
1	30.627863
1	30.632862
1	30.637861
1	30.64286
1	30.64786
1	30.652859
1	30.657858
1	30.662857
1	30.667856
1	30.672855
1	30.677855
1	30.682854
1	30.687853
1	30.692852
1	30.697851
1	30.70285
1	30.70785
1	30.712849
1	30.717848
1	30.722847
1	30.727846
1	30.732845
1	30.737844
1	30.742844
1	30.747843
1	30.752842
1	30.757841
1	30.76284
1	30.76784
1	30.772839
1	30.777838
1	30.782837
1	30.787836
1	30.792835
1	30.797834
1	30.802834
1	30.807833
1	30.812832
1	30.817831
1	30.82283
1	30.82783
1	30.832829
1	30.837828
1	30.842827
1	30.847826
1	30.852825
1	30.857824
1	30.862823
1	30.867823
1	30.872822
1	30.877821
1	30.88282
1	30.88782
1	30.892818
1	30.897818
1	30.902817
1	30.907816
1	30.912815
1	30.917814
1	30.922813
1	30.927813
1	30.932812
1	30.93781
1	30.94281
1	30.94781
1	30.952808
1	30.957808
1	30.962807
1	30.967806
1	30.972805
1	30.977804
1	30.982803
1	30.987803
1	30.992802
1	30.9978
1	31.0028
1	31.0078
1	31.012798
1	31.017797
1	31.022797
1	31.027796
1	31.032795
1	31.037794
1	31.042793
1	31.047792
1	31.052792
1	31.05779
1	31.06279
1	31.06779
1	31.072788
1	31.077787
1	31.082787
1	31.087786
1	31.092785
1	31.097784
1	31.102783
1	31.107782
1	31.112782
1	31.11778
1	31.12278
1	31.127779
1	31.132778
1	31.137777
1	31.142776
1	31.147776
1	31.152775
1	31.157774
1	31.162773
1	31.167772
1	31.172771
1	31.17777
1	31.18277
1	31.187769
1	31.192768
1	31.197767
1	31.202766
1	31.207766
1	31.212765
1	31.217764
1	31.222763
1	31.227762
1	31.232761
1	31.23776
1	31.24276
1	31.247759
1	31.252758
1	31.257757
1	31.262756
1	31.267756
1	31.272755
1	31.277754
1	31.282753
1	31.287752
1	31.292751
1	31.29775
1	31.30275
1	31.307749
1	31.312748
1	31.317747
1	31.322746
1	31.327745
1	31.332745
1	31.337744
1	31.342743
1	31.347742
1	31.352741
1	31.35774
1	31.36274
1	31.367739
1	31.372738
1	31.377737
1	31.382736
1	31.387735
1	31.392735
1	31.397734
1	31.402733
1	31.407732
1	31.412731
1	31.41773
1	31.42273
1	31.427729
1	31.432728
1	31.437727
1	31.442726
1	31.447725
1	31.452724
1	31.457724
1	31.462723
1	31.467722
1	31.472721
1	31.47772
1	31.48272
1	31.487719
1	31.492718
1	31.497717
1	31.502716
1	31.507715
1	31.512714
1	31.517714
1	31.522713
1	31.527712
1	31.532711
1	31.53771
1	31.54271
1	31.547709
1	31.552708
1	31.557707
1	31.562706
1	31.567705
1	31.572704
1	31.577703
1	31.582703
1	31.587702
1	31.592701
1	31.5977
1	31.6027
1	31.607698
1	31.612698
1	31.617697
1	31.622696
1	31.627695
1	31.632694
1	31.637693
1	31.642693
1	31.647692
1	31.65269
1	31.65769
1	31.66269
1	31.667688
1	31.672688
1	31.677687
1	31.682686
1	31.687685
1	31.692684
1	31.697683
1	31.702682
0	31.707682
