0	20
0.005	20
0.01	20
0.015	20
0.02	20
0.024999999	20
0.029999997	20
0.034999996	20
0.039999995	20
0.044999994	20
0.049999993	20
0.054999992	20
0.05999999	20
0.06499999	20
0.06999999	20
0.074999996	20
0.08	20
0.085	20
0.09	20
0.095000006	20
0.10000001	20
0.10500001	20
0.110000014	20
0.11500002	20
0.12000002	20
0.12500001	20
0.13000001	20
0.135	20
0.14	20
0.145	20
0.14999999	20
0.15499999	20
0.15999998	20
0.16499998	20
0.16999997	20
0.17499997	20
0.17999996	20
0.18499996	20
0.18999995	20
0.19499995	20
0.19999994	20
0.20499994	20
0.20999993	20
0.21499993	20
0.21999992	20
0.22499992	20
0.22999991	20
0.23499991	20
0.2399999	20
0.2449999	20
0.2499999	20
0.2549999	20
0.2599999	20
0.2649999	20
0.2699999	20
0.2749999	20
0.27999988	20
0.28499988	20
0.28999987	20
0.29499987	20
0.29999986	20
0.30499986	20
0.30999985	20
0.31499985	20
0.31999984	20
0.32499984	20
0.32999983	20
0.33499983	20
0.33999982	20
0.34499982	20
0.34999982	20
0.3549998	20
0.3599998	20
0.3649998	20
0.3699998	20
0.3749998	20
0.3799998	20
0.38499978	20
0.38999978	20
0.39499977	20
0.39999977	20
0.40499976	20
0.40999976	20
0.41499975	20
0.41999975	20
0.42499974	20
0.42999974	20
0.43499973	20
0.43999973	20
0.44499972	20
0.44999972	20
0.45499972	20
0.4599997	20
0.4649997	20
0.4699997	20
0.4749997	20
0.4799997	20
0.4849997	20
0.48999968	20
0.49499968	19
0.49999967	19
0.5049997	19
0.5099997	19
0.5149997	19
0.5199997	19
0.5249997	19
0.5299997	19
0.53499967	19
0.53999966	19
0.54499966	19
0.54999965	19
0.55499965	19
0.55999964	19
0.56499964	19
0.56999964	19
0.57499963	19
0.5799996	19
0.5849996	19
0.5899996	19
0.5949996	19
0.5999996	19
0.6049996	19
0.6099996	19
0.6149996	19
0.6199996	19
0.6249996	19
0.6299996	19
0.6349996	19
0.63999957	19
0.64499956	19
0.64999956	19
0.65499955	19
0.65999955	19
0.66499954	19
0.66999954	19
0.67499954	19
0.67999953	19
0.6849995	19
0.6899995	19
0.6949995	19
0.6999995	19
0.7049995	19
0.7099995	19
0.7149995	19
0.7199995	19
0.7249995	19
0.7299995	19
0.7349995	19
0.7399995	19
0.74499947	19
0.74999946	19
0.75499946	19
0.75999945	19
0.76499945	19
0.76999944	19
0.77499944	19
0.77999943	19
0.78499943	19
0.7899994	19
0.7949994	19
0.7999994	19
0.8049994	19
0.8099994	19
0.8149994	19
0.8199994	18
0.8249994	18
0.8299994	18
0.8349994	18
0.8399994	18
0.8449994	18
0.84999937	18
0.85499936	18
0.85999936	18
0.86499935	18
0.86999935	18
0.87499934	18
0.87999934	18
0.88499933	18
0.88999933	18
0.8949993	18
0.8999993	18
0.9049993	18
0.9099993	18
0.9149993	18
0.9199993	18
0.9249993	18
0.9299993	18
0.9349993	18
0.9399993	18
0.9449993	18
0.9499993	18
0.95499927	18
0.95999926	18
0.96499926	18
0.96999925	18
0.97499925	18
0.97999924	18
0.98499924	18
0.98999923	18
0.99499923	17
0.9999992	16
1.0049993	16
1.0099993	16
1.0149993	16
1.0199993	16
1.0249993	16
1.0299993	16
1.0349993	16
1.0399992	16
1.0449992	16
1.0499992	16
1.0549992	16
1.0599992	16
1.0649992	16
1.0699992	16
1.0749992	16
1.0799992	16
1.0849992	16
1.0899992	16
1.0949992	16
1.0999992	16
1.1049992	16
1.1099992	16
1.1149992	16
1.1199992	16
1.1249992	16
1.1299992	16
1.1349992	16
1.1399992	16
1.1449991	16
1.1499991	16
1.1549991	16
1.1599991	16
1.1649991	16
1.1699991	16
1.1749991	16
1.1799991	16
1.1849991	16
1.1899991	16
1.1949991	16
1.1999991	16
1.2049991	16
1.2099991	16
1.2149991	16
1.2199991	16
1.2249991	16
1.2299991	16
1.2349991	16
1.239999	16
1.244999	16
1.249999	16
1.254999	16
1.259999	16
1.264999	16
1.269999	16
1.274999	16
1.279999	16
1.284999	16
1.289999	16
1.294999	16
1.299999	16
1.304999	16
1.309999	16
1.314999	16
1.319999	16
1.324999	16
1.329999	16
1.334999	16
1.339999	16
1.344999	16
1.349999	16
1.354999	16
1.359999	16
1.3649989	16
1.3699989	16
1.3749989	16
1.3799989	16
1.3849989	16
1.3899989	16
1.3949989	16
1.3999989	16
1.4049989	16
1.4099989	16
1.4149989	16
1.4199989	16
1.4249989	16
1.4299989	16
1.4349989	16
1.4399989	16
1.4449989	16
1.4499989	16
1.4549989	16
1.4599988	16
1.4649988	16
1.4699988	16
1.4749988	16
1.4799988	16
1.4849988	16
1.4899988	16
1.4949988	16
1.4999988	16
1.5049988	16
1.5099988	16
1.5149988	16
1.5199988	16
1.5249988	16
1.5299988	16
1.5349988	16
1.5399988	16
1.5449988	16
1.5499988	16
1.5549988	16
1.5599988	16
1.5649987	16
1.5699987	16
1.5749987	16
1.5799987	16
1.5849987	16
1.5899987	16
1.5949987	16
1.5999987	16
1.6049987	16
1.6099987	16
1.6149987	16
1.6199987	16
1.6249987	16
1.6299987	16
1.6349987	16
1.6399987	16
1.6449987	16
1.6499987	16
1.6549987	16
1.6599987	16
1.6649987	16
1.6699986	16
1.6749986	16
1.6799986	16
1.6849986	16
1.6899986	16
1.6949986	16
1.6999986	16
1.7049986	16
1.7099986	16
1.7149986	16
1.7199986	16
1.7249986	16
1.7299986	16
1.7349986	16
1.7399986	16
1.7449986	16
1.7499986	16
1.7549986	16
1.7599986	16
1.7649986	16
1.7699986	16
1.7749985	16
1.7799985	16
1.7849985	16
1.7899985	16
1.7949985	16
1.7999985	16
1.8049985	16
1.8099985	16
1.8149985	16
1.8199985	16
1.8249985	16
1.8299985	16
1.8349985	16
1.8399985	16
1.8449985	16
1.8499985	16
1.8549985	16
1.8599985	16
1.8649985	16
1.8699985	16
1.8749985	16
1.8799984	16
1.8849984	16
1.8899984	16
1.8949984	16
1.8999984	16
1.9049984	16
1.9099984	16
1.9149984	16
1.9199984	16
1.9249984	16
1.9299984	15
1.9349984	15
1.9399984	15
1.9449984	15
1.9499984	15
1.9549984	15
1.9599984	15
1.9649984	15
1.9699984	15
1.9749984	15
1.9799984	15
1.9849983	15
1.9899983	15
1.9949983	15
1.9999983	15
2.0049984	15
2.0099986	15
2.0149987	15
2.0199988	15
2.024999	15
2.029999	15
2.0349991	15
2.0399992	15
2.0449994	15
2.0499995	14
2.0549996	14
2.0599997	14
2.0649998	14
2.07	14
2.075	14
2.0800002	14
2.0850003	14
2.0900004	14
2.0950005	14
2.1000006	14
2.1050007	14
2.1100008	14
2.115001	14
2.120001	14
2.1250012	14
2.1300013	14
2.1350014	14
2.1400015	14
2.1450016	14
2.1500018	14
2.1550019	14
2.160002	14
2.165002	14
2.1700022	14
2.1750023	14
2.1800025	14
2.1850026	14
2.1900027	14
2.1950028	14
2.200003	14
2.205003	14
2.2100031	14
2.2150033	14
2.2200034	14
2.2250035	14
2.2300036	14
2.2350037	14
2.2400038	14
2.245004	14
2.250004	14
2.2550042	14
2.2600043	14
2.2650044	14
2.2700045	14
2.2750046	14
2.2800047	14
2.2850049	14
2.290005	14
2.295005	14
2.3000052	14
2.3050053	14
2.3100054	14
2.3150055	14
2.3200057	14
2.3250058	14
2.330006	14
2.335006	14
2.340006	14
2.3450062	14
2.3500063	14
2.3550065	14
2.3600066	14
2.3650067	14
2.3700068	14
2.375007	14
2.380007	14
2.3850071	14
2.3900073	14
2.3950074	14
2.4000075	14
2.4050076	14
2.4100077	14
2.4150078	14
2.420008	14
2.425008	14
2.4300082	14
2.4350083	14
2.4400084	14
2.4450085	14
2.4500086	14
2.4550087	14
2.4600089	14
2.465009	14
2.470009	14
2.4750092	14
2.4800093	14
2.4850094	14
2.4900095	14
2.4950097	14
2.5000098	14
2.50501	14
2.51001	14
2.51501	14
2.5200102	14
2.5250103	14
2.5300105	14
2.5350106	14
2.5400107	14
2.5450108	14
2.550011	14
2.555011	14
2.5600111	14
2.5650113	14
2.5700114	14
2.5750115	14
2.5800116	14
2.5850117	14
2.5900118	14
2.595012	14
2.600012	14
2.6050122	14
2.6100123	14
2.6150124	14
2.6200125	14
2.6250126	14
2.6300128	14
2.6350129	14
2.640013	14
2.645013	14
2.6500132	14
2.6550133	14
2.6600134	14
2.6650136	14
2.6700137	14
2.6750138	14
2.680014	14
2.685014	14
2.6900141	14
2.6950142	14
2.7000144	14
2.7050145	14
2.7100146	14
2.7150147	14
2.7200148	14
2.725015	13
2.730015	13
2.7350152	13
2.7400153	13
2.7450154	13
2.7500155	13
2.7550156	13
2.7600157	13
2.7650158	13
2.770016	13
2.775016	13
2.7800162	13
2.7850163	13
2.7900164	13
2.7950165	13
2.8000166	13
2.8050168	13
2.8100169	13
2.815017	13
2.820017	13
2.8250172	13
2.8300173	13
2.8350174	13
2.8400176	13
2.8450177	13
2.8500178	13
2.855018	13
2.860018	13
2.8650181	13
2.8700182	13
2.8750184	13
2.8800185	13
2.8850186	13
2.8900187	13
2.8950188	13
2.900019	13
2.905019	13
2.9100192	13
2.9150193	13
2.9200194	13
2.9250195	13
2.9300196	13
2.9350197	13
2.9400198	13
2.94502	13
2.95002	13
2.9550202	13
2.9600203	13
2.9650204	13
2.9700205	13
2.9750206	13
2.9800208	13
2.9850209	13
2.990021	13
2.995021	13
3.0000212	13
3.0050213	13
3.0100214	13
3.0150216	13
3.0200217	13
3.0250218	13
3.030022	13
3.035022	13
3.0400221	13
3.0450222	13
3.0500224	13
3.0550225	13
3.0600226	13
3.0650227	13
3.0700228	13
3.075023	13
3.080023	13
3.0850232	13
3.0900233	13
3.0950234	13
3.1000235	13
3.1050236	13
3.1100237	13
3.1150239	13
3.120024	13
3.125024	13
3.1300242	13
3.1350243	13
3.1400244	13
3.1450245	13
3.1500247	13
3.1550248	13
3.160025	13
3.165025	13
3.170025	13
3.1750252	13
3.1800253	13
3.1850255	13
3.1900256	13
3.1950257	13
3.2000258	13
3.205026	13
3.210026	13
3.2150261	13
3.2200263	13
3.2250264	13
3.2300265	13
3.2350266	13
3.2400267	13
3.2450268	13
3.250027	13
3.255027	13
3.2600272	13
3.2650273	13
3.2700274	13
3.2750275	13
3.2800276	13
3.2850277	13
3.2900279	13
3.295028	13
3.300028	13
3.3050282	13
3.3100283	13
3.3150284	13
3.3200285	13
3.3250287	13
3.3300288	13
3.335029	13
3.340029	13
3.345029	13
3.3500292	13
3.3550293	13
3.3600295	13
3.3650296	13
3.3700297	13
3.3750298	13
3.38003	13
3.38503	13
3.3900301	13
3.3950303	13
3.4000304	13
3.4050305	13
3.4100306	13
3.4150307	13
3.4200308	13
3.425031	13
3.430031	13
3.4350312	13
3.4400313	13
3.4450314	13
3.4500315	13
3.4550316	13
3.4600317	13
3.4650319	13
3.470032	13
3.475032	13
3.4800322	13
3.4850323	13
3.4900324	13
3.4950325	13
3.5000327	13
3.5050328	13
3.510033	13
3.515033	13
3.5200331	13
3.5250332	13
3.5300333	13
3.5350335	13
3.5400336	13
3.5450337	13
3.5500338	13
3.555034	13
3.560034	13
3.5650342	13
3.5700343	13
3.5750344	13
3.5800345	13
3.5850346	13
3.5900347	13
3.5950348	13
3.600035	13
3.605035	13
3.6100352	13
3.6150353	13
3.6200354	13
3.6250355	13
3.6300356	13
3.6350358	13
3.6400359	13
3.645036	13
3.650036	13
3.6550362	13
3.6600363	13
3.6650364	13
3.6700366	13
3.6750367	13
3.6800368	13
3.685037	13
3.690037	13
3.6950371	13
3.7000372	13
3.7050374	13
3.7100375	13
3.7150376	13
3.7200377	13
3.7250378	13
3.730038	13
3.735038	13
3.7400382	13
3.7450383	13
3.7500384	13
3.7550385	13
3.7600386	13
3.7650387	13
3.7700388	13
3.775039	13
3.780039	13
3.7850392	13
3.7900393	13
3.7950394	13
3.8000395	13
3.8050396	13
3.8100398	13
3.8150399	13
3.82004	13
3.82504	13
3.8300402	13
3.8350403	13
3.8400404	13
3.8450406	13
3.8500407	13
3.8550408	13
3.860041	13
3.865041	13
3.8700411	13
3.8750412	13
3.8800414	13
3.8850415	13
3.8900416	13
3.8950417	13
3.9000418	13
3.905042	13
3.910042	13
3.9150422	13
3.9200423	13
3.9250424	13
3.9300425	13
3.9350426	13
3.9400427	13
3.9450428	13
3.950043	13
3.955043	13
3.9600432	13
3.9650433	13
3.9700434	13
3.9750435	13
3.9800436	13
3.9850438	13
3.9900439	13
3.995044	13
4.000044	13
4.005044	13
4.010044	13
4.015044	13
4.0200443	13
4.0250444	13
4.0300446	13
4.0350447	13
4.040045	13
4.045045	13
4.050045	13
4.055045	13
4.0600452	13
4.0650454	13
4.0700455	13
4.0750456	13
4.0800457	13
4.085046	13
4.090046	13
4.095046	13
4.100046	13
4.1050463	13
4.1100464	13
4.1150465	13
4.1200466	13
4.1250467	13
4.130047	13
4.135047	13
4.140047	13
4.145047	13
4.1500473	13
4.1550474	13
4.1600475	13
4.1650476	13
4.1700478	13
4.175048	13
4.180048	13
4.185048	13
4.190048	13
4.1950483	13
4.2000484	13
4.2050486	13
4.2100487	13
4.215049	13
4.220049	13
4.225049	13
4.230049	13
4.2350492	13
4.2400494	13
4.2450495	13
4.2500496	13
4.2550497	13
4.26005	13
4.26505	13
4.27005	13
4.27505	13
4.2800503	13
4.2850504	13
4.2900505	13
4.2950506	13
4.3000507	13
4.305051	13
4.310051	13
4.315051	13
4.320051	13
4.3250513	13
4.3300514	13
4.3350515	13
4.3400517	13
4.345052	13
4.350052	13
4.355052	13
4.360052	13
4.365052	13
4.3700523	13
4.3750525	13
4.3800526	13
4.3850527	13
4.390053	13
4.395053	13
4.400053	13
4.405053	13
4.4100533	13
4.4150534	13
4.4200535	13
4.4250536	13
4.4300537	13
4.435054	13
4.440054	13
4.445054	13
4.450054	13
4.4550543	13
4.4600544	13
4.4650545	13
4.4700546	13
4.4750547	13
4.480055	13
4.485055	13
4.490055	13
4.495055	13
4.5000553	13
4.5050554	13
4.5100555	13
4.5150557	13
4.520056	13
4.525056	13
4.530056	13
4.535056	13
4.540056	13
4.5450563	13
4.5500565	13
4.5550566	13
4.5600567	13
4.565057	13
4.570057	13
4.575057	13
4.580057	13
4.5850573	13
4.5900574	13
4.5950575	13
4.6000576	13
4.6050577	13
4.610058	13
4.615058	13
4.620058	13
4.625058	13
4.6300583	13
4.6350584	13
4.6400585	13
4.6450586	13
4.6500587	13
4.655059	13
4.660059	13
4.665059	13
4.670059	13
4.6750593	13
4.6800594	13
4.6850595	13
4.6900597	13
4.69506	13
4.70006	13
4.70506	13
4.71006	13
4.71506	13
4.7200603	13
4.7250605	13
4.7300606	13
4.7350607	13
4.740061	13
4.745061	13
4.750061	13
4.755061	13
4.7600613	13
4.7650614	13
4.7700615	13
4.7750616	13
4.7800617	13
4.785062	13
4.790062	13
4.795062	13
4.800062	12
4.8050623	12
4.8100624	12
4.8150625	12
4.8200626	12
4.8250628	12
4.830063	12
4.835063	12
4.840063	12
4.845063	12
4.8500633	12
4.8550634	12
4.8600636	12
4.8650637	12
4.870064	12
4.875064	12
4.880064	12
4.885064	12
4.8900642	12
4.8950644	12
4.9000645	12
4.9050646	12
4.9100647	12
4.915065	12
4.920065	12
4.925065	12
4.930065	12
4.9350653	12
4.9400654	12
4.9450655	12
4.9500656	12
4.9550657	12
4.960066	12
4.965066	12
4.970066	12
4.975066	12
4.9800663	12
4.9850664	12
4.9900665	12
4.9950666	12
5.0000668	12
5.005067	12
5.010067	12
5.015067	12
5.020067	12
5.0250673	12
5.0300674	12
5.0350676	12
5.0400677	12
5.045068	12
5.050068	12
5.055068	12
5.060068	12
5.0650682	12
5.0700684	12
5.0750685	12
5.0800686	12
5.0850687	12
5.090069	12
5.095069	12
5.100069	12
5.105069	12
5.1100693	12
5.1150694	12
5.1200695	12
5.1250696	12
5.1300697	12
5.13507	12
5.14007	12
5.14507	12
5.15007	12
5.1550703	12
5.1600704	12
5.1650705	12
5.1700706	12
5.175071	12
5.180071	12
5.185071	12
5.190071	12
5.195071	12
5.2000713	12
5.2050714	12
5.2100716	12
5.2150717	12
5.220072	12
5.225072	12
5.230072	12
5.235072	12
5.2400723	12
5.2450724	12
5.2500725	12
5.2550726	12
5.2600727	12
5.265073	12
5.270073	12
5.275073	12
5.280073	12
5.2850733	12
5.2900734	12
5.2950735	12
5.3000736	12
5.3050737	12
5.310074	12
5.315074	12
5.320074	12
5.325074	12
5.3300743	12
5.3350744	12
5.3400745	12
5.3450747	12
5.350075	12
5.355075	12
5.360075	12
5.365075	12
5.370075	12
5.3750753	12
5.3800755	12
5.3850756	12
5.3900757	12
5.395076	12
5.400076	12
5.405076	12
5.410076	12
5.4150763	12
5.4200764	12
5.4250765	12
5.4300766	12
5.4350767	12
5.440077	12
5.445077	12
5.450077	12
5.455077	12
5.4600773	12
5.4650774	12
5.4700775	12
5.4750776	12
5.4800777	12
5.485078	12
5.490078	12
5.495078	12
5.500078	12
5.5050783	12
5.5100784	12
5.5150785	12
5.5200787	12
5.525079	12
5.530079	12
5.535079	12
5.540079	12
5.545079	12
5.5500793	12
5.5550795	12
5.5600796	12
5.5650797	12
5.57008	12
5.57508	12
5.58008	12
5.58508	12
5.5900803	12
5.5950804	12
5.6000805	12
5.6050806	12
5.6100807	12
5.615081	12
5.620081	12
5.625081	12
5.630081	12
5.6350813	12
5.6400814	12
5.6450815	12
5.6500816	12
5.6550817	12
5.660082	12
5.665082	12
5.670082	12
5.675082	12
5.6800823	12
5.6850824	12
5.6900826	12
5.6950827	12
5.700083	12
5.705083	12
5.710083	12
5.715083	12
5.720083	12
5.7250834	12
5.7300835	12
5.7350836	12
5.7400837	12
5.745084	12
5.750084	12
5.755084	12
5.760084	12
5.7650843	12
5.7700844	12
5.7750845	12
5.7800846	12
5.7850847	12
5.790085	12
5.795085	12
5.800085	12
5.805085	12
5.8100853	12
5.8150854	12
5.8200855	12
5.8250856	12
5.8300858	12
5.835086	12
5.840086	12
5.845086	12
5.850086	12
5.8550863	12
5.8600864	12
5.8650866	12
5.8700867	12
5.875087	12
5.880087	12
5.885087	12
5.890087	12
5.8950872	12
5.9000874	12
5.9050875	12
5.9100876	12
5.9150877	12
5.920088	12
5.925088	12
5.930088	12
5.935088	12
5.9400883	12
5.9450884	12
5.9500885	12
5.9550886	12
5.9600887	12
5.965089	12
5.970089	12
5.975089	12
5.980089	12
5.9850893	12
5.9900894	12
5.9950895	12
6.0000896	12
6.0050898	12
6.01009	12
6.01509	12
6.02009	12
6.02509	12
6.0300903	12
6.0350904	12
6.0400906	12
6.0450907	12
6.050091	12
6.055091	12
6.060091	12
6.065091	12
6.0700912	12
6.0750914	12
6.0800915	12
6.0850916	12
6.0900917	12
6.095092	12
6.100092	12
6.105092	12
6.110092	12
6.1150923	12
6.1200924	12
6.1250925	12
6.1300926	12
6.1350927	12
6.140093	12
6.145093	12
6.150093	12
6.155093	12
6.1600933	12
6.1650934	12
6.1700935	12
6.1750937	12
6.180094	12
6.185094	12
6.190094	12
6.195094	12
6.200094	12
6.2050943	12
6.2100945	12
6.2150946	12
6.2200947	12
6.225095	12
6.230095	12
6.235095	12
6.240095	12
6.2450953	12
6.2500954	12
6.2550955	12
6.2600956	12
6.2650957	12
6.270096	12
6.275096	12
6.280096	12
6.285096	12
6.2900963	12
6.2950964	12
6.3000965	12
6.3050966	11
6.3100967	11
6.315097	11
6.320097	11
6.325097	11
6.330097	11
6.3350973	11
6.3400974	11
6.3450975	11
6.3500977	11
6.355098	11
6.360098	11
6.365098	11
6.370098	11
6.375098	11
6.3800983	11
6.3850985	11
6.3900986	11
6.3950987	11
6.400099	11
6.405099	11
6.410099	11
6.415099	11
6.4200993	11
6.4250994	11
6.4300995	11
6.4350996	11
6.4400997	11
6.4451	11
6.4501	11
6.4551	11
6.4601	11
6.4651003	11
6.4701004	11
6.4751005	11
6.4801006	11
6.4851007	11
6.490101	11
6.495101	11
6.500101	11
6.505101	11
6.5101013	11
6.5151014	11
6.5201015	11
6.5251017	11
6.530102	11
6.535102	11
6.540102	11
6.545102	11
6.550102	11
6.5551023	11
6.5601025	11
6.5651026	11
6.5701027	11
6.575103	11
6.580103	11
6.585103	11
6.590103	10
6.5951033	10
6.6001034	10
6.6051035	10
6.6101036	10
6.6151037	10
6.620104	10
6.625104	10
6.630104	10
6.635104	10
6.6401043	10
6.6451044	9
6.6501045	9
6.6551046	9
6.6601048	9
6.665105	9
6.670105	9
6.675105	9
6.680105	9
6.6851053	9
6.6901054	9
6.6951056	9
6.7001057	9
6.705106	9
6.710106	9
6.715106	9
6.720106	9
6.7251062	9
6.7301064	9
6.7351065	9
6.7401066	9
6.7451067	9
6.750107	9
6.755107	9
6.760107	9
6.765107	9
6.7701073	9
6.7751074	9
6.7801075	9
6.7851076	9
6.7901077	9
6.795108	9
6.800108	9
6.805108	9
6.810108	9
6.8151083	9
6.8201084	9
6.8251085	9
6.8301086	9
6.8351088	9
6.840109	9
6.845109	9
6.850109	9
6.855109	9
6.8601093	9
6.8651094	9
6.8701096	9
6.8751097	9
6.88011	9
6.88511	9
6.89011	9
6.89511	9
6.9001102	9
6.9051104	9
6.9101105	9
6.9151106	9
6.9201107	9
6.925111	9
6.930111	9
6.935111	9
6.940111	9
6.9451113	9
6.9501114	9
6.9551115	9
6.9601116	9
6.9651117	9
6.970112	9
6.975112	9
6.980112	9
6.985112	9
6.9901123	9
6.9951124	9
7.0001125	9
7.0051126	9
7.010113	9
7.015113	9
7.020113	9
7.025113	9
7.030113	9
7.0351133	9
7.0401134	9
7.0451136	9
7.0501137	9
7.055114	9
7.060114	9
7.065114	9
7.070114	9
7.0751143	9
7.0801144	9
7.0851145	9
7.0901146	9
7.0951147	9
7.100115	9
7.105115	9
7.110115	9
7.115115	9
7.1201153	9
7.1251154	9
7.1301155	9
7.1351156	9
7.1401157	9
7.145116	9
7.150116	9
7.155116	9
7.160116	9
7.1651163	9
7.1701164	9
7.1751165	9
7.1801167	9
7.185117	9
7.190117	9
7.195117	9
7.200117	9
7.205117	9
7.2101173	9
7.2151175	9
7.2201176	9
7.2251177	9
7.230118	9
7.235118	9
7.240118	9
7.245118	9
7.2501183	9
7.2551184	9
7.2601185	9
7.2651186	9
7.2701187	9
7.275119	9
7.280119	9
7.285119	9
7.290119	9
7.2951193	9
7.3001194	9
7.3051195	9
7.3101196	9
7.3151197	9
7.32012	9
7.32512	9
7.33012	9
7.33512	9
7.3401203	9
7.3451204	9
7.3501205	9
7.3551207	9
7.360121	9
7.365121	9
7.370121	9
7.375121	9
7.380121	9
7.3851213	9
7.3901215	9
7.3951216	9
7.4001217	9
7.405122	9
7.410122	9
7.415122	9
7.420122	9
7.4251223	9
7.4301224	9
7.4351225	9
7.4401226	9
7.4451227	9
7.450123	9
7.455123	9
7.460123	9
7.465123	9
7.4701233	9
7.4751234	9
7.4801235	9
7.4851236	9
7.4901237	9
7.495124	9
7.500124	9
7.505124	9
7.510124	9
7.5151243	9
7.5201244	9
7.5251245	9
7.5301247	9
7.535125	9
7.540125	9
7.545125	9
7.550125	9
7.555125	9
7.5601254	9
7.5651255	9
7.5701256	9
7.5751257	9
7.580126	9
7.585126	9
7.590126	9
7.595126	9
7.6001263	9
7.6051264	9
7.6101265	9
7.6151266	9
7.6201267	9
7.625127	9
7.630127	9
7.635127	9
7.640127	9
7.6451273	9
7.6501274	9
7.6551275	9
7.6601276	9
7.6651278	9
7.670128	9
7.675128	9
7.680128	9
7.685128	9
7.6901283	9
7.6951284	9
7.7001286	9
7.7051287	9
7.710129	9
7.715129	9
7.720129	9
7.725129	9
7.7301292	9
7.7351294	9
7.7401295	9
7.7451296	9
7.7501297	9
7.75513	9
7.76013	9
7.76513	9
7.77013	9
7.7751303	9
7.7801304	9
7.7851305	9
7.7901306	9
7.7951307	9
7.800131	9
7.805131	9
7.810131	9
7.815131	9
7.8201313	9
7.8251314	9
7.8301315	9
7.8351316	9
7.8401318	9
7.845132	9
7.850132	9
7.855132	9
7.860132	9
7.8651323	9
7.8701324	9
7.8751326	9
7.8801327	9
7.885133	9
7.890133	9
7.895133	8
7.900133	8
7.9051332	8
7.9101334	8
7.9151335	8
7.9201336	8
7.9251337	8
7.930134	8
7.935134	8
7.940134	8
7.945134	8
7.9501343	8
7.9551344	8
7.9601345	8
7.9651346	8
7.9701347	8
7.975135	8
7.980135	8
7.985135	8
7.990135	8
7.9951353	8
8.000135	8
8.005136	8
8.010136	8
8.015136	8
8.020136	8
8.025136	8
8.030136	8
8.035136	8
8.040136	8
8.045136	8
8.050137	8
8.055137	8
8.060137	8
8.065137	8
8.070137	8
8.075137	8
8.080137	8
8.085137	8
8.0901375	8
8.095138	8
8.100138	8
8.105138	8
8.110138	8
8.115138	8
8.120138	8
8.125138	8
8.130138	8
8.1351385	8
8.140139	8
8.145139	8
8.150139	8
8.155139	8
8.160139	8
8.165139	8
8.170139	8
8.175139	8
8.18014	8
8.18514	8
8.19014	8
8.19514	8
8.20014	8
8.20514	8
8.21014	8
8.21514	8
8.22014	8
8.225141	8
8.230141	8
8.235141	8
8.240141	8
8.245141	8
8.250141	8
8.255141	8
8.260141	8
8.2651415	8
8.270142	8
8.275142	8
8.280142	8
8.285142	8
8.290142	8
8.295142	8
8.300142	8
8.305142	8
8.3101425	8
8.315143	8
8.320143	8
8.325143	8
8.330143	8
8.335143	8
8.340143	8
8.345143	8
8.350143	8
8.355144	8
8.360144	8
8.365144	8
8.370144	8
8.375144	8
8.380144	8
8.385144	8
8.390144	8
8.395144	8
8.400145	8
8.405145	8
8.410145	8
8.415145	8
8.420145	8
8.425145	8
8.430145	8
8.435145	8
8.4401455	8
8.445146	8
8.450146	8
8.455146	8
8.460146	8
8.465146	8
8.470146	8
8.475146	8
8.480146	8
8.4851465	8
8.490147	8
8.495147	8
8.500147	8
8.505147	8
8.510147	8
8.515147	8
8.520147	8
8.525147	8
8.530148	8
8.535148	8
8.540148	8
8.545148	8
8.550148	8
8.555148	8
8.560148	8
8.565148	8
8.570148	8
8.575149	8
8.580149	8
8.585149	8
8.590149	8
8.595149	8
8.600149	8
8.605149	8
8.610149	8
8.6151495	8
8.62015	8
8.62515	8
8.63015	8
8.63515	8
8.64015	8
8.64515	8
8.65015	8
8.65515	8
8.660151	8
8.665151	8
8.670151	8
8.675151	8
8.680151	8
8.685151	8
8.690151	8
8.695151	8
8.700151	8
8.705152	8
8.710152	8
8.715152	8
8.720152	8
8.725152	8
8.730152	8
8.735152	8
8.740152	8
8.745152	8
8.750153	8
8.755153	8
8.760153	8
8.765153	8
8.770153	8
8.775153	8
8.780153	8
8.785153	8
8.7901535	8
8.795154	8
8.800154	8
8.805154	8
8.810154	8
8.815154	8
8.820154	8
8.825154	8
8.830154	8
8.835155	7
8.840155	7
8.845155	7
8.850155	7
8.855155	7
8.860155	7
8.865155	7
8.870155	7
8.875155	7
8.880156	7
8.885156	7
8.890156	7
8.895156	7
8.900156	7
8.905156	7
8.910156	7
8.915156	7
8.9201565	7
8.925157	7
8.930157	7
8.935157	7
8.940157	7
8.945157	7
8.950157	7
8.955157	7
8.960157	7
8.9651575	7
8.970158	7
8.975158	7
8.980158	7
8.985158	7
8.990158	7
8.995158	7
9.000158	7
9.005158	7
9.010159	7
9.015159	7
9.020159	7
9.025159	7
9.030159	7
9.035159	7
9.040159	7
9.045159	7
9.050159	7
9.05516	7
9.06016	7
9.06516	7
9.07016	7
9.07516	7
9.08016	7
9.08516	7
9.09016	7
9.0951605	7
9.100161	7
9.105161	7
9.110161	7
9.115161	7
9.120161	7
9.125161	7
9.130161	7
9.135161	7
9.1401615	7
9.145162	7
9.150162	7
9.155162	7
9.160162	7
9.165162	7
9.170162	7
9.175162	7
9.180162	7
9.185163	7
9.190163	7
9.195163	7
9.200163	7
9.205163	7
9.210163	7
9.215163	7
9.220163	7
9.225163	7
9.230164	7
9.235164	7
9.240164	7
9.245164	7
9.250164	7
9.255164	7
9.260164	7
9.265164	7
9.2701645	7
9.275165	7
9.280165	7
9.285165	7
9.290165	7
9.295165	7
9.300165	7
9.305165	7
9.310165	7
9.3151655	7
9.320166	7
9.325166	7
9.330166	7
9.335166	7
9.340166	7
9.345166	7
9.350166	7
9.355166	7
9.360167	7
9.365167	7
9.370167	7
9.375167	7
9.380167	7
9.385167	7
9.390167	7
9.395167	7
9.400167	7
9.405168	7
9.410168	7
9.415168	7
9.420168	7
9.425168	7
9.430168	7
9.435168	7
9.440168	7
9.4451685	7
9.450169	7
9.455169	7
9.460169	7
9.465169	7
9.470169	7
9.475169	6
9.480169	6
9.485169	6
9.49017	6
9.49517	6
9.50017	6
9.50517	6
9.51017	6
9.51517	6
9.52017	6
9.52517	6
9.53017	6
9.535171	6
9.540171	6
9.545171	6
9.550171	6
9.555171	6
9.560171	6
9.565171	6
9.570171	6
9.575171	6
9.580172	6
9.585172	6
9.590172	6
9.595172	6
9.600172	6
9.605172	6
9.610172	6
9.615172	6
9.6201725	5
9.625173	5
9.630173	5
9.635173	5
9.640173	5
9.645173	5
9.650173	5
9.655173	5
9.660173	5
9.665174	5
9.670174	5
9.675174	5
9.680174	5
9.685174	5
9.690174	5
9.695174	5
9.700174	5
9.705174	5
9.710175	5
9.715175	5
9.720175	5
9.725175	5
9.730175	5
9.735175	5
9.740175	5
9.745175	5
9.750175	5
9.755176	5
9.760176	5
9.765176	5
9.770176	5
9.775176	5
9.780176	5
9.785176	5
9.790176	5
9.7951765	5
9.800177	5
9.805177	5
9.810177	5
9.815177	5
9.820177	5
9.825177	5
9.830177	5
9.835177	5
9.840178	5
9.845178	5
9.850178	5
9.855178	5
9.860178	5
9.865178	5
9.870178	5
9.875178	5
9.880178	5
9.885179	5
9.890179	5
9.895179	5
9.900179	5
9.905179	5
9.910179	5
9.915179	5
9.920179	5
9.9251795	5
9.93018	5
9.93518	5
9.94018	5
9.94518	5
9.95018	5
9.95518	5
9.96018	5
9.96518	5
9.9701805	5
9.975181	5
9.980181	5
9.985181	5
9.990181	5
9.995181	5
10.000181	5
10.005181	5
10.010181	5
10.015182	5
10.020182	5
10.025182	5
10.030182	5
10.035182	5
10.040182	5
10.045182	5
10.050182	5
10.055182	5
10.060183	5
10.065183	5
10.070183	5
10.075183	5
10.080183	5
10.085183	5
10.090183	5
10.095183	5
10.1001835	5
10.105184	5
10.110184	5
10.115184	5
10.120184	5
10.125184	5
10.130184	5
10.135184	5
10.140184	5
10.1451845	5
10.150185	5
10.155185	5
10.160185	5
10.165185	5
10.170185	5
10.175185	5
10.180185	5
10.185185	5
10.190186	5
10.195186	5
10.200186	5
10.205186	5
10.210186	5
10.215186	5
10.220186	5
10.225186	5
10.230186	5
10.235187	5
10.240187	5
10.245187	5
10.250187	5
10.255187	5
10.260187	5
10.265187	5
10.270187	5
10.2751875	5
10.280188	5
10.285188	5
10.290188	5
10.295188	5
10.300188	5
10.305188	5
10.310188	5
10.315188	5
10.3201885	5
10.325189	5
10.330189	5
10.335189	5
10.340189	5
10.345189	5
10.350189	5
10.355189	5
10.360189	5
10.36519	5
10.37019	5
10.37519	5
10.38019	5
10.38519	5
10.39019	5
10.39519	5
10.40019	5
10.40519	5
10.410191	5
10.415191	5
10.420191	5
10.425191	5
10.430191	5
10.435191	5
10.440191	5
10.445191	5
10.4501915	5
10.455192	5
10.460192	5
10.465192	5
10.470192	5
10.475192	5
10.480192	5
10.485192	5
10.490192	5
10.495193	5
10.500193	5
10.505193	5
10.510193	5
10.515193	5
10.520193	5
10.525193	5
10.530193	5
10.535193	5
10.540194	5
10.545194	5
10.550194	5
10.555194	5
10.560194	5
10.565194	5
10.570194	5
10.575194	5
10.580194	5
10.585195	5
10.590195	5
10.595195	5
10.600195	5
10.605195	5
10.610195	5
10.615195	5
10.620195	5
10.6251955	5
10.630196	5
10.635196	5
10.640196	5
10.645196	5
10.650196	5
10.655196	5
10.660196	5
10.665196	5
10.670197	5
10.675197	5
10.680197	5
10.685197	5
10.690197	5
10.695197	5
10.700197	5
10.705197	5
10.710197	5
10.715198	5
10.720198	5
10.725198	5
10.730198	5
10.735198	5
10.740198	5
10.745198	5
10.750198	5
10.7551985	5
10.760199	5
10.765199	5
10.770199	5
10.775199	5
10.780199	5
10.785199	5
10.790199	5
10.795199	5
10.8001995	5
10.8052	5
10.8102	5
10.8152	5
10.8202	5
10.8252	5
10.8302	5
10.8352	5
10.8402	5
10.845201	5
10.850201	5
10.855201	5
10.860201	5
10.865201	5
10.870201	5
10.875201	5
10.880201	5
10.885201	5
10.890202	5
10.895202	5
10.900202	5
10.905202	5
10.910202	5
10.915202	5
10.920202	5
10.925202	5
10.9302025	5
10.935203	5
10.940203	5
10.945203	5
10.950203	5
10.955203	5
10.960203	5
10.965203	5
10.970203	5
10.9752035	5
10.980204	5
10.985204	5
10.990204	5
10.995204	5
11.000204	5
11.005204	5
11.010204	5
11.015204	5
11.020205	5
11.025205	5
11.030205	5
11.035205	5
11.040205	5
11.045205	5
11.050205	5
11.055205	5
11.060205	5
11.065206	5
11.070206	5
11.075206	5
11.080206	5
11.085206	5
11.090206	5
11.095206	5
11.100206	5
11.1052065	5
11.110207	5
11.115207	5
11.120207	5
11.125207	5
11.130207	5
11.135207	5
11.140207	5
11.145207	5
11.1502075	5
11.155208	5
11.160208	5
11.165208	5
11.170208	5
11.175208	5
11.180208	5
11.185208	5
11.190208	5
11.195209	5
11.200209	4
11.205209	4
11.210209	4
11.215209	4
11.220209	4
11.225209	4
11.230209	4
11.235209	4
11.24021	4
11.24521	4
11.25021	4
11.25521	4
11.26021	4
11.26521	4
11.27021	4
11.27521	4
11.2802105	4
11.285211	4
11.290211	4
11.295211	4
11.300211	4
11.305211	4
11.310211	4
11.315211	4
11.320211	4
11.325212	4
11.330212	4
11.335212	4
11.340212	4
11.345212	4
11.350212	4
11.355212	4
11.360212	4
11.365212	4
11.370213	4
11.375213	4
11.380213	4
11.385213	4
11.390213	4
11.395213	4
11.400213	4
11.405213	4
11.410213	4
11.415214	4
11.420214	4
11.425214	4
11.430214	4
11.435214	4
11.440214	4
11.445214	4
11.450214	4
11.4552145	4
11.460215	4
11.465215	4
11.470215	4
11.475215	4
11.480215	4
11.485215	4
11.490215	4
11.495215	4
11.500216	4
11.505216	4
11.510216	4
11.515216	4
11.520216	4
11.525216	4
11.530216	4
11.535216	4
11.540216	4
11.545217	4
11.550217	4
11.555217	4
11.560217	4
11.565217	4
11.570217	4
11.575217	4
11.580217	4
11.585217	4
11.590218	4
11.595218	4
11.600218	4
11.605218	4
11.610218	4
11.615218	4
11.620218	4
11.625218	4
11.6302185	4
11.635219	4
11.640219	4
11.645219	4
11.650219	4
11.655219	4
11.660219	4
11.665219	4
11.670219	4
11.67522	4
11.68022	4
11.68522	4
11.69022	4
11.69522	4
11.70022	4
11.70522	4
11.71022	4
11.71522	4
11.720221	4
11.725221	4
11.730221	4
11.735221	4
11.740221	4
11.745221	4
11.750221	4
11.755221	4
11.7602215	4
11.765222	4
11.770222	4
11.775222	4
11.780222	4
11.785222	4
11.790222	4
11.795222	4
11.800222	4
11.8052225	4
11.810223	4
11.815223	4
11.820223	4
11.825223	4
11.830223	4
11.835223	4
11.840223	4
11.845223	4
11.850224	4
11.855224	4
11.860224	4
11.865224	4
11.870224	4
11.875224	4
11.880224	4
11.885224	4
11.890224	4
11.895225	4
11.900225	4
11.905225	4
11.910225	4
11.915225	4
11.920225	4
11.925225	4
11.930225	4
11.9352255	4
11.940226	4
11.945226	4
11.950226	4
11.955226	4
11.960226	4
11.965226	4
11.970226	4
11.975226	4
11.9802265	4
11.985227	4
11.990227	4
11.995227	4
12.000227	4
12.005227	4
12.010227	4
12.015227	4
12.020227	4
12.025228	4
12.030228	4
12.035228	4
12.040228	4
12.045228	4
12.050228	4
12.055228	4
12.060228	4
12.065228	4
12.070229	4
12.075229	4
12.080229	4
12.085229	4
12.090229	4
12.095229	4
12.100229	4
12.105229	4
12.1102295	4
12.11523	4
12.12023	4
12.12523	4
12.13023	4
12.13523	4
12.14023	4
12.14523	4
12.15023	4
12.1552305	4
12.160231	4
12.165231	4
12.170231	4
12.175231	4
12.180231	4
12.185231	4
12.190231	4
12.195231	4
12.200232	4
12.205232	4
12.210232	4
12.215232	4
12.220232	4
12.225232	4
12.230232	4
12.235232	4
12.240232	4
12.245233	4
12.250233	4
12.255233	4
12.260233	4
12.265233	4
12.270233	4
12.275233	4
12.280233	4
12.2852335	4
12.290234	4
12.295234	4
12.300234	4
12.305234	4
12.310234	4
12.315234	4
12.320234	4
12.325234	4
12.330235	4
12.335235	4
12.340235	4
12.345235	4
12.350235	4
12.355235	4
12.360235	4
12.365235	4
12.370235	4
12.375236	4
12.380236	4
12.385236	4
12.390236	4
12.395236	4
12.400236	4
12.405236	4
12.410236	4
12.415236	4
12.420237	4
12.425237	4
12.430237	4
12.435237	4
12.440237	4
12.445237	4
12.450237	4
12.455237	4
12.4602375	4
12.465238	4
12.470238	4
12.475238	4
12.480238	4
12.485238	4
12.490238	4
12.495238	4
12.500238	4
12.505239	4
12.510239	4
12.515239	4
12.520239	4
12.525239	4
12.530239	4
12.535239	4
12.540239	4
12.545239	4
12.55024	4
12.55524	4
12.56024	4
12.56524	4
12.57024	4
12.57524	4
12.58024	4
12.58524	4
12.5902405	4
12.595241	4
12.600241	4
12.605241	4
12.610241	4
12.615241	4
12.620241	4
12.625241	4
12.630241	4
12.6352415	4
12.640242	4
12.645242	4
12.650242	4
12.655242	4
12.660242	4
12.665242	4
12.670242	4
12.675242	4
12.680243	4
12.685243	4
12.690243	4
12.695243	4
12.700243	4
12.705243	4
12.710243	4
12.715243	4
12.720243	4
12.725244	4
12.730244	4
12.735244	4
12.740244	4
12.745244	4
12.750244	4
12.755244	4
12.760244	4
12.7652445	4
12.770245	4
12.775245	4
12.780245	4
12.785245	4
12.790245	4
12.795245	4
12.800245	4
12.805245	4
12.8102455	4
12.815246	4
12.820246	4
12.825246	4
12.830246	4
12.835246	4
12.840246	4
12.845246	4
12.850246	4
12.855247	4
12.860247	4
12.865247	4
12.870247	4
12.875247	4
12.880247	4
12.885247	4
12.890247	4
12.895247	4
12.900248	4
12.905248	4
12.910248	4
12.915248	4
12.920248	4
12.925248	4
12.930248	4
12.935248	4
12.9402485	4
12.945249	4
12.950249	4
12.955249	4
12.960249	4
12.965249	4
12.970249	4
12.975249	4
12.980249	4
12.9852495	4
12.99025	4
12.99525	4
13.00025	4
13.00525	4
13.01025	4
13.01525	4
13.02025	4
13.02525	4
13.030251	4
13.035251	4
13.040251	4
13.045251	4
13.050251	4
13.055251	4
13.060251	4
13.065251	4
13.070251	4
13.075252	4
13.080252	4
13.085252	4
13.090252	4
13.095252	4
13.100252	4
13.105252	4
13.110252	4
13.1152525	4
13.120253	4
13.125253	4
13.130253	4
13.135253	4
13.140253	4
13.145253	4
13.150253	4
13.155253	4
13.160254	4
13.165254	4
13.170254	4
13.175254	4
13.180254	4
13.185254	4
13.190254	4
13.195254	4
13.200254	4
13.205255	4
13.210255	4
13.215255	4
13.220255	4
13.225255	4
13.230255	4
13.235255	4
13.240255	4
13.245255	4
13.250256	4
13.255256	4
13.260256	4
13.265256	4
13.270256	4
13.275256	4
13.280256	4
13.285256	4
13.2902565	4
13.295257	4
13.300257	4
13.305257	4
13.310257	4
13.315257	4
13.320257	4
13.325257	4
13.330257	4
13.335258	4
13.340258	4
13.345258	4
13.350258	4
13.355258	4
13.360258	4
13.365258	4
13.370258	4
13.375258	4
13.380259	4
13.385259	4
13.390259	4
13.395259	4
13.400259	4
13.405259	4
13.410259	4
13.415259	4
13.420259	4
13.42526	4
13.43026	4
13.43526	4
13.44026	4
13.44526	4
13.45026	4
13.45526	4
13.46026	4
13.4652605	4
13.470261	4
13.475261	4
13.480261	4
13.485261	4
13.490261	4
13.495261	4
13.500261	4
13.505261	4
13.510262	4
13.515262	4
13.520262	4
13.525262	4
13.530262	4
13.535262	4
13.540262	4
13.545262	4
13.550262	4
13.555263	4
13.560263	4
13.565263	4
13.570263	4
13.575263	4
13.580263	4
13.585263	4
13.590263	4
13.5952635	4
13.600264	4
13.605264	4
13.610264	4
13.615264	4
13.620264	4
13.625264	4
13.630264	4
13.635264	4
13.6402645	4
13.645265	4
13.650265	4
13.655265	4
13.660265	4
13.665265	4
13.670265	4
13.675265	4
13.680265	4
13.685266	4
13.690266	4
13.695266	4
13.700266	4
13.705266	4
13.710266	4
13.715266	4
13.720266	4
13.725266	4
13.730267	4
13.735267	4
13.740267	4
13.745267	4
13.750267	4
13.755267	4
13.760267	4
13.765267	4
13.7702675	4
13.775268	4
13.780268	4
13.785268	4
13.790268	4
13.795268	4
13.800268	4
13.805268	4
13.810268	4
13.8152685	4
13.820269	4
13.825269	4
13.830269	4
13.835269	4
13.840269	4
13.845269	4
13.850269	4
13.855269	4
13.86027	4
13.86527	4
13.87027	4
13.87527	4
13.88027	4
13.88527	4
13.89027	4
13.89527	4
13.90027	4
13.905271	4
13.910271	4
13.915271	4
13.920271	4
13.925271	4
13.930271	4
13.935271	4
13.940271	4
13.9452715	4
13.950272	4
13.955272	4
13.960272	4
13.965272	4
13.970272	4
13.975272	4
13.980272	4
13.985272	4
13.9902725	4
13.995273	4
14.000273	4
14.005273	4
14.010273	4
14.015273	4
14.020273	4
14.025273	4
14.030273	4
14.035274	4
14.040274	4
14.045274	4
14.050274	4
14.055274	4
14.060274	4
14.065274	4
14.070274	4
14.075274	4
14.080275	4
14.085275	4
14.090275	4
14.095275	4
14.100275	4
14.105275	4
14.110275	4
14.115275	4
14.1202755	4
14.125276	4
14.130276	4
14.135276	4
14.140276	4
14.145276	4
14.150276	4
14.155276	4
14.160276	4
14.165277	4
14.170277	4
14.175277	4
14.180277	4
14.185277	4
14.190277	4
14.195277	4
14.200277	4
14.205277	4
14.210278	4
14.215278	4
14.220278	4
14.225278	4
14.230278	4
14.235278	4
14.240278	4
14.245278	4
14.250278	4
14.255279	4
14.260279	4
14.265279	4
14.270279	4
14.275279	4
14.280279	4
14.285279	4
14.290279	4
14.2952795	4
14.30028	4
14.30528	4
14.31028	4
14.31528	4
14.32028	4
14.32528	4
14.33028	4
14.33528	4
14.340281	4
14.345281	4
14.350281	4
14.355281	4
14.360281	4
14.365281	4
14.370281	4
14.375281	4
14.380281	4
14.385282	4
14.390282	4
14.395282	4
14.400282	4
14.405282	4
14.410282	4
14.415282	4
14.420282	4
14.4252825	4
14.430283	4
14.435283	4
14.440283	4
14.445283	4
14.450283	4
14.455283	4
14.460283	4
14.465283	4
14.4702835	4
14.475284	4
14.480284	4
14.485284	4
14.490284	4
14.495284	4
14.500284	4
14.505284	4
14.510284	4
14.515285	4
14.520285	4
14.525285	4
14.530285	4
14.535285	4
14.540285	4
14.545285	4
14.550285	4
14.555285	4
14.560286	4
14.565286	4
14.570286	4
14.575286	4
14.580286	4
14.585286	4
14.590286	4
14.595286	4
14.6002865	4
14.605287	4
14.610287	4
14.615287	4
14.620287	4
14.625287	4
14.630287	4
14.635287	4
14.640287	4
14.6452875	4
14.650288	4
14.655288	4
14.660288	4
14.665288	4
14.670288	4
14.675288	4
14.680288	4
14.685288	4
14.690289	4
14.695289	4
14.700289	4
14.705289	4
14.710289	4
14.715289	4
14.720289	4
14.725289	4
14.730289	4
14.73529	4
14.74029	4
14.74529	4
14.75029	4
14.75529	4
14.76029	4
14.76529	4
14.77029	4
14.7752905	4
14.780291	4
14.785291	4
14.790291	4
14.795291	4
14.800291	4
14.805291	4
14.810291	4
14.815291	4
14.8202915	4
14.825292	4
14.830292	4
14.835292	4
14.840292	4
14.845292	4
14.850292	4
14.855292	4
14.860292	4
14.865293	4
14.870293	4
14.875293	4
14.880293	4
14.885293	4
14.890293	4
14.895293	4
14.900293	4
14.905293	4
14.910294	4
14.915294	4
14.920294	4
14.925294	4
14.930294	4
14.935294	4
14.940294	4
14.945294	4
14.9502945	4
14.955295	4
14.960295	4
14.965295	4
14.970295	4
14.975295	4
14.980295	4
14.985295	4
14.990295	4
14.995296	4
15.000296	4
15.005296	4
15.010296	4
15.015296	4
15.020296	4
15.025296	4
15.030296	4
15.035296	4
15.040297	4
15.045297	4
15.050297	4
15.055297	4
15.060297	4
15.065297	4
15.070297	4
15.075297	4
15.080297	4
15.085298	4
15.090298	4
15.095298	4
15.100298	4
15.105298	4
15.110298	4
15.115298	4
15.120298	4
15.1252985	4
15.130299	4
15.135299	4
15.140299	4
15.145299	4
15.150299	4
15.155299	4
15.160299	4
15.165299	4
15.1703	4
15.1753	4
15.1803	4
15.1853	4
15.1903	4
15.1953	4
15.2003	4
15.2053	4
15.2103	4
15.215301	4
15.220301	4
15.225301	4
15.230301	4
15.235301	4
15.240301	4
15.245301	4
15.250301	4
15.255301	4
15.260302	4
15.265302	4
15.270302	4
15.275302	4
15.280302	4
15.285302	4
15.290302	4
15.295302	4
15.3003025	4
15.305303	4
15.310303	4
15.315303	4
15.320303	4
15.325303	4
15.330303	4
15.335303	4
15.340303	4
15.345304	4
15.350304	4
15.355304	4
15.360304	4
15.365304	4
15.370304	4
15.375304	4
15.380304	4
15.385304	4
15.390305	4
15.395305	4
15.400305	4
15.405305	4
15.410305	4
15.415305	4
15.420305	4
15.425305	4
15.4303055	4
15.435306	4
15.440306	4
15.445306	4
15.450306	4
15.455306	4
15.460306	4
15.465306	4
15.470306	4
15.4753065	4
15.480307	4
15.485307	4
15.490307	4
15.495307	4
15.500307	4
15.505307	4
15.510307	4
15.515307	4
15.520308	4
15.525308	4
15.530308	4
15.535308	4
15.540308	4
15.545308	4
15.550308	4
15.555308	4
15.560308	4
15.565309	4
15.570309	4
15.575309	4
15.580309	4
15.585309	4
15.590309	4
15.595309	4
15.600309	4
15.6053095	4
15.61031	4
15.61531	4
15.62031	4
15.62531	4
15.63031	4
15.63531	4
15.64031	4
15.64531	4
15.6503105	4
15.655311	4
15.660311	4
15.665311	4
15.670311	4
15.675311	4
15.680311	4
15.685311	4
15.690311	4
15.695312	4
15.700312	4
15.705312	4
15.710312	4
15.715312	4
15.720312	4
15.725312	4
15.730312	4
15.735312	4
15.740313	4
15.745313	4
15.750313	4
15.755313	4
15.760313	4
15.765313	4
15.770313	4
15.775313	4
15.7803135	4
15.785314	4
15.790314	4
15.795314	4
15.800314	4
15.805314	4
15.810314	4
15.815314	4
15.820314	4
15.8253145	4
15.830315	4
15.835315	4
15.840315	4
15.845315	4
15.850315	4
15.855315	4
15.860315	4
15.865315	4
15.870316	4
15.875316	4
15.880316	4
15.885316	4
15.890316	4
15.895316	4
15.900316	4
15.905316	4
15.910316	4
15.915317	4
15.920317	4
15.925317	4
15.930317	4
15.935317	4
15.940317	4
15.945317	4
15.950317	4
15.9553175	4
15.960318	4
15.965318	4
15.970318	4
15.975318	4
15.980318	4
15.985318	4
15.990318	4
15.995318	4
16.000319	4
16.005318	4
16.010317	4
16.015316	4
16.020315	4
16.025314	4
16.030313	4
16.035313	4
16.040312	4
16.045311	4
16.05031	4
16.05531	4
16.060308	4
16.065308	4
16.070307	4
16.075306	4
16.080305	4
16.085304	4
16.090303	4
16.095303	4
16.100302	4
16.1053	4
16.1103	4
16.1153	4
16.120298	4
16.125298	4
16.130297	4
16.135296	4
16.140295	4
16.145294	4
16.150293	4
16.155293	4
16.160292	4
16.16529	4
16.17029	4
16.17529	4
16.180288	4
16.185287	4
16.190287	4
16.195286	4
16.200285	4
16.205284	4
16.210283	4
16.215282	4
16.220282	4
16.22528	4
16.23028	4
16.23528	4
16.240278	4
16.245277	4
16.250277	4
16.255276	4
16.260275	4
16.265274	4
16.270273	4
16.275272	4
16.280272	4
16.28527	4
16.29027	4
16.295269	4
16.300268	4
16.305267	4
16.310266	4
16.315266	4
16.320265	4
16.325264	4
16.330263	4
16.335262	4
16.340261	4
16.34526	4
16.35026	4
16.355259	4
16.360258	4
16.365257	4
16.370256	4
16.375256	4
16.380255	4
16.385254	4
16.390253	4
16.395252	4
16.400251	4
16.40525	4
16.41025	4
16.415249	4
16.420248	4
16.425247	4
16.430246	4
16.435246	4
16.440245	4
16.445244	4
16.450243	4
16.455242	4
16.460241	4
16.46524	4
16.47024	4
16.475239	4
16.480238	4
16.485237	4
16.490236	4
16.495235	4
16.500235	4
16.505234	4
16.510233	4
16.515232	4
16.520231	4
16.52523	4
16.53023	4
16.535229	4
16.540228	4
16.545227	4
16.550226	4
16.555225	4
16.560225	4
16.565224	4
16.570223	4
16.575222	4
16.580221	4
16.58522	4
16.59022	4
16.595219	4
16.600218	4
16.605217	4
16.610216	4
16.615215	4
16.620214	4
16.625214	4
16.630213	4
16.635212	4
16.640211	4
16.64521	4
16.65021	4
16.655209	4
16.660208	4
16.665207	4
16.670206	4
16.675205	4
16.680204	4
16.685204	4
16.690203	4
16.695202	4
16.700201	4
16.7052	4
16.7102	4
16.715199	4
16.720198	4
16.725197	4
16.730196	4
16.735195	4
16.740194	4
16.745193	4
16.750193	4
16.755192	4
16.760191	4
16.76519	4
16.77019	4
16.775188	4
16.780188	4
16.785187	4
16.790186	4
16.795185	4
16.800184	4
16.805183	4
16.810183	4
16.815182	4
16.82018	4
16.82518	4
16.83018	4
16.835178	4
16.840178	4
16.845177	4
16.850176	4
16.855175	4
16.860174	4
16.865173	4
16.870173	4
16.875172	4
16.88017	4
16.88517	4
16.89017	4
16.895168	4
16.900167	4
16.905167	4
16.910166	4
16.915165	4
16.920164	4
16.925163	4
16.930162	4
16.935162	4
16.94016	4
16.94516	4
16.95016	4
16.955158	4
16.960157	4
16.965157	4
16.970156	4
16.975155	4
16.980154	4
16.985153	4
16.990152	4
16.995152	4
17.00015	4
17.00515	4
17.010149	4
17.015148	4
17.020147	4
17.025146	4
17.030146	4
17.035145	4
17.040144	4
17.045143	4
17.050142	4
17.055141	4
17.06014	4
17.06514	4
17.070139	4
17.075138	4
17.080137	4
17.085136	4
17.090136	4
17.095135	4
17.100134	4
17.105133	4
17.110132	4
17.115131	4
17.12013	4
17.12513	4
17.130129	4
17.135128	4
17.140127	4
17.145126	4
17.150126	4
17.155125	4
17.160124	4
17.165123	4
17.170122	4
17.175121	4
17.18012	4
17.18512	4
17.190119	4
17.195118	4
17.200117	4
17.205116	4
17.210115	4
17.215115	4
17.220114	4
17.225113	4
17.230112	4
17.235111	4
17.24011	4
17.24511	4
17.250109	4
17.255108	4
17.260107	4
17.265106	4
17.270105	4
17.275105	4
17.280104	4
17.285103	4
17.290102	4
17.295101	4
17.3001	4
17.3051	4
17.310099	4
17.315098	4
17.320097	4
17.325096	4
17.330095	4
17.335094	4
17.340094	4
17.345093	4
17.350092	4
17.355091	4
17.36009	4
17.36509	4
17.370089	4
17.375088	4
17.380087	4
17.385086	4
17.390085	4
17.395084	4
17.400084	4
17.405083	4
17.410082	4
17.415081	4
17.42008	4
17.42508	4
17.430079	4
17.435078	4
17.440077	4
17.445076	4
17.450075	4
17.455074	4
17.460073	4
17.465073	4
17.470072	4
17.47507	4
17.48007	4
17.48507	4
17.490068	4
17.495068	4
17.500067	4
17.505066	4
17.510065	4
17.515064	4
17.520063	4
17.525063	4
17.530062	4
17.53506	4
17.54006	4
17.54506	4
17.550058	4
17.555058	4
17.560057	4
17.565056	4
17.570055	4
17.575054	4
17.580053	4
17.585052	4
17.590052	4
17.59505	4
17.60005	4
17.60505	4
17.610048	4
17.615047	4
17.620047	4
17.625046	4
17.630045	4
17.635044	4
17.640043	4
17.645042	4
17.650042	4
17.65504	4
17.66004	4
17.66504	4
17.670038	4
17.675037	4
17.680037	4
17.685036	4
17.690035	4
17.695034	4
17.700033	4
17.705032	4
17.710032	4
17.71503	4
17.72003	4
17.725029	4
17.730028	4
17.735027	4
17.740026	4
17.745026	4
17.750025	4
17.755024	4
17.760023	4
17.765022	4
17.770021	4
17.77502	4
17.78002	4
17.785019	4
17.790018	4
17.795017	4
17.800016	4
17.805016	4
17.810015	4
17.815014	4
17.820013	4
17.825012	4
17.830011	4
17.83501	4
17.84001	4
17.845009	4
17.850008	4
17.855007	4
17.860006	4
17.865005	4
17.870005	4
17.875004	4
17.880003	4
17.885002	4
17.890001	4
17.895	4
17.9	4
17.904999	4
17.909998	4
17.914997	4
17.919996	4
17.924995	4
17.929995	4
17.934994	4
17.939993	4
17.944992	4
17.949991	4
17.95499	4
17.95999	4
17.964989	4
17.969988	4
17.974987	4
17.979986	4
17.984985	4
17.989985	4
17.994984	4
17.999983	4
18.004982	4
18.009981	4
18.01498	4
18.01998	4
18.024979	4
18.029978	4
18.034977	4
18.039976	4
18.044975	4
18.049974	4
18.054974	4
18.059973	4
18.064972	4
18.069971	4
18.07497	4
18.07997	4
18.084969	4
18.089968	4
18.094967	4
18.099966	4
18.104965	4
18.109964	4
18.114964	4
18.119963	4
18.124962	4
18.129961	4
18.13496	4
18.13996	4
18.144958	4
18.149958	4
18.154957	4
18.159956	4
18.164955	4
18.169954	4
18.174953	4
18.179953	4
18.184952	4
18.18995	4
18.19495	4
18.19995	4
18.204948	4
18.209948	4
18.214947	4
18.219946	4
18.224945	4
18.229944	4
18.234943	4
18.239943	4
18.244942	4
18.24994	4
18.25494	4
18.25994	4
18.264938	4
18.269938	4
18.274937	4
18.279936	4
18.284935	4
18.289934	4
18.294933	4
18.299932	4
18.304932	4
18.30993	4
18.31493	4
18.31993	4
18.324928	4
18.329927	4
18.334927	4
18.339926	4
18.344925	4
18.349924	4
18.354923	4
18.359922	4
18.364922	4
18.36992	4
18.37492	4
18.37992	4
18.384918	4
18.389917	4
18.394917	4
18.399916	4
18.404915	4
18.409914	4
18.414913	4
18.419912	4
18.424911	4
18.42991	4
18.43491	4
18.439909	4
18.444908	4
18.449907	4
18.454906	4
18.459906	4
18.464905	4
18.469904	4
18.474903	4
18.479902	4
18.484901	4
18.4899	4
18.4949	4
18.499899	4
18.504898	4
18.509897	4
18.514896	4
18.519896	4
18.524895	4
18.529894	4
18.534893	4
18.539892	4
18.544891	4
18.54989	4
18.55489	4
18.559889	4
18.564888	4
18.569887	4
18.574886	4
18.579885	4
18.584885	4
18.589884	4
18.594883	4
18.599882	4
18.604881	4
18.60988	4
18.61488	4
18.619879	4
18.624878	4
18.629877	4
18.634876	4
18.639875	4
18.644875	4
18.649874	4
18.654873	4
18.659872	4
18.664871	4
18.66987	4
18.67487	4
18.679869	4
18.684868	4
18.689867	4
18.694866	4
18.699865	4
18.704865	4
18.709864	4
18.714863	4
18.719862	4
18.724861	4
18.72986	4
18.73486	4
18.739859	4
18.744858	4
18.749857	4
18.754856	4
18.759855	4
18.764854	4
18.769854	4
18.774853	4
18.779852	4
18.784851	4
18.78985	4
18.79485	4
18.799849	4
18.804848	4
18.809847	4
18.814846	4
18.819845	4
18.824844	4
18.829844	4
18.834843	4
18.839842	4
18.844841	4
18.84984	4
18.85484	4
18.859838	4
18.864838	4
18.869837	4
18.874836	4
18.879835	4
18.884834	4
18.889833	4
18.894833	4
18.899832	4
18.90483	4
18.90983	4
18.91483	4
18.919828	4
18.924828	4
18.929827	4
18.934826	4
18.939825	4
18.944824	4
18.949823	4
18.954823	4
18.959822	4
18.96482	4
18.96982	4
18.97482	4
18.979818	4
18.984818	4
18.989817	4
18.994816	4
18.999815	4
19.004814	4
19.009813	4
19.014812	4
19.019812	4
19.02481	4
19.02981	4
19.03481	4
19.039808	4
19.044807	4
19.049807	4
19.054806	4
19.059805	4
19.064804	4
19.069803	4
19.074802	4
19.079802	4
19.0848	3
19.0898	3
19.094799	3
19.099798	3
19.104797	3
19.109797	3
19.114796	3
19.119795	3
19.124794	3
19.129793	3
19.134792	3
19.139791	3
19.14479	3
19.14979	3
19.154789	3
19.159788	3
19.164787	3
19.169786	3
19.174786	3
19.179785	3
19.184784	3
19.189783	3
19.194782	3
19.199781	3
19.20478	3
19.20978	3
19.214779	3
19.219778	3
19.224777	3
19.229776	3
19.234776	3
19.239775	3
19.244774	3
19.249773	3
19.254772	3
19.259771	3
19.26477	3
19.26977	3
19.274769	3
19.279768	3
19.284767	3
19.289766	3
19.294765	3
19.299765	3
19.304764	3
19.309763	3
19.314762	3
19.319761	3
19.32476	3
19.32976	3
19.334759	3
19.339758	3
19.344757	3
19.349756	3
19.354755	3
19.359755	3
19.364754	3
19.369753	3
19.374752	3
19.379751	3
19.38475	3
19.38975	3
19.394749	3
19.399748	3
19.404747	3
19.409746	3
19.414745	3
19.419744	3
19.424744	3
19.429743	3
19.434742	3
19.439741	3
19.44474	3
19.44974	3
19.454739	3
19.459738	3
19.464737	3
19.469736	3
19.474735	3
19.479734	3
19.484734	3
19.489733	3
19.494732	3
19.499731	3
19.50473	3
19.50973	3
19.514729	3
19.519728	3
19.524727	3
19.529726	3
19.534725	3
19.539724	3
19.544724	3
19.549723	3
19.554722	3
19.559721	3
19.56472	3
19.56972	3
19.574718	3
19.579718	3
19.584717	3
19.589716	3
19.594715	3
19.599714	3
19.604713	3
19.609713	3
19.614712	3
19.61971	3
19.62471	3
19.62971	3
19.634708	3
19.639708	3
19.644707	3
19.649706	3
19.654705	3
19.659704	3
19.664703	3
19.669703	3
19.674702	3
19.6797	3
19.6847	3
19.6897	3
19.694698	3
19.699697	3
19.704697	3
19.709696	3
19.714695	3
19.719694	3
19.724693	3
19.729692	3
19.734692	3
19.73969	3
19.74469	3
19.74969	3
19.754688	3
19.759687	3
19.764687	3
19.769686	3
19.774685	3
19.779684	3
19.784683	3
19.789682	3
19.794682	3
19.79968	3
19.80468	3
19.809679	3
19.814678	3
19.819677	3
19.824677	3
19.829676	3
19.834675	3
19.839674	3
19.844673	3
19.849672	3
19.854671	3
19.85967	3
19.86467	3
19.869669	3
19.874668	3
19.879667	3
19.884666	3
19.889666	3
19.894665	3
19.899664	3
19.904663	3
19.909662	3
19.914661	3
19.91966	3
19.92466	3
19.929659	3
19.934658	3
19.939657	3
19.944656	3
19.949656	3
19.954655	3
19.959654	3
19.964653	3
19.969652	3
19.974651	3
19.97965	3
19.98465	3
19.989649	3
19.994648	3
19.999647	3
20.004646	3
20.009645	3
20.014645	3
20.019644	3
20.024643	3
20.029642	3
20.034641	3
20.03964	3
20.04464	3
20.049639	3
20.054638	3
20.059637	3
20.064636	3
20.069635	3
20.074635	3
20.079634	3
20.084633	3
20.089632	3
20.094631	3
20.09963	3
20.10463	3
20.109629	3
20.114628	3
20.119627	2
20.124626	2
20.129625	2
20.134624	2
20.139624	2
20.144623	2
20.149622	2
20.154621	2
20.15962	2
20.16462	2
20.169619	2
20.174618	2
20.179617	2
20.184616	2
20.189615	2
20.194614	2
20.199614	2
20.204613	2
20.209612	2
20.214611	2
20.21961	2
20.22461	2
20.229609	2
20.234608	2
20.239607	2
20.244606	2
20.249605	2
20.254604	2
20.259604	2
20.264603	2
20.269602	2
20.274601	2
20.2796	2
20.2846	2
20.289598	2
20.294598	2
20.299597	2
20.304596	2
20.309595	2
20.314594	2
20.319593	2
20.324593	2
20.329592	2
20.33459	2
20.33959	2
20.34459	2
20.349588	2
20.354588	2
20.359587	2
20.364586	2
20.369585	2
20.374584	2
20.379583	2
20.384583	2
20.389582	2
20.39458	2
20.39958	2
20.40458	2
20.409578	2
20.414577	2
20.419577	2
20.424576	2
20.429575	2
20.434574	2
20.439573	2
20.444572	2
20.449572	2
20.45457	2
20.45957	2
20.46457	2
20.469568	2
20.474567	2
20.479567	2
20.484566	2
20.489565	2
20.494564	2
20.499563	2
20.504562	2
20.509562	2
20.51456	2
20.51956	2
20.524559	2
20.529558	2
20.534557	2
20.539557	2
20.544556	2
20.549555	2
20.554554	2
20.559553	2
20.564552	2
20.569551	2
20.57455	2
20.57955	2
20.584549	2
20.589548	2
20.594547	2
20.599546	2
20.604546	2
20.609545	2
20.614544	2
20.619543	2
20.624542	2
20.629541	2
20.63454	2
20.63954	2
20.644539	2
20.649538	2
20.654537	2
20.659536	2
20.664536	2
20.669535	2
20.674534	2
20.679533	2
20.684532	2
20.689531	2
20.69453	2
20.69953	2
20.704529	2
20.709528	2
20.714527	2
20.719526	2
20.724525	2
20.729525	2
20.734524	2
20.739523	2
20.744522	2
20.749521	2
20.75452	2
20.75952	2
20.764519	2
20.769518	2
20.774517	2
20.779516	2
20.784515	2
20.789515	2
20.794514	2
20.799513	2
20.804512	2
20.809511	2
20.81451	2
20.81951	2
20.824509	2
20.829508	2
20.834507	2
20.839506	2
20.844505	2
20.849504	2
20.854504	2
20.859503	2
20.864502	2
20.869501	2
20.8745	2
20.8795	2
20.884499	2
20.889498	2
20.894497	2
20.899496	2
20.904495	2
20.909494	2
20.914494	2
20.919493	2
20.924492	2
20.929491	2
20.93449	2
20.93949	2
20.944489	2
20.949488	2
20.954487	2
20.959486	2
20.964485	2
20.969484	2
20.974483	2
20.979483	2
20.984482	2
20.989481	2
20.99448	2
20.99948	2
21.004478	2
21.009478	2
21.014477	2
21.019476	2
21.024475	2
21.029474	2
21.034473	2
21.039473	2
21.044472	2
21.04947	2
21.05447	2
21.05947	2
21.064468	2
21.069468	2
21.074467	2
21.079466	2
21.084465	2
21.089464	2
21.094463	2
21.099463	2
21.104462	2
21.10946	2
21.11446	2
21.11946	2
21.124458	2
21.129457	2
21.134457	2
21.139456	2
21.144455	2
21.149454	2
21.154453	2
21.159452	2
21.164452	2
21.16945	2
21.17445	2
21.17945	2
21.184448	2
21.189447	2
21.194447	2
21.199446	2
21.204445	2
21.209444	2
21.214443	2
21.219442	2
21.224442	2
21.22944	2
21.23444	2
21.239439	2
21.244438	2
21.249437	2
21.254436	2
21.259436	2
21.264435	2
21.269434	2
21.274433	2
21.279432	2
21.284431	2
21.28943	2
21.29443	2
21.299429	2
21.304428	2
21.309427	2
21.314426	2
21.319426	2
21.324425	2
21.329424	2
21.334423	2
21.339422	2
21.344421	2
21.34942	2
21.35442	2
21.359419	2
21.364418	2
21.369417	2
21.374416	2
21.379416	2
21.384415	2
21.389414	2
21.394413	2
21.399412	2
21.404411	2
21.40941	2
21.41441	2
21.419409	2
21.424408	2
21.429407	2
21.434406	2
21.439405	2
21.444405	2
21.449404	2
21.454403	2
21.459402	2
21.464401	2
21.4694	2
21.4744	2
21.479399	2
21.484398	2
21.489397	2
21.494396	2
21.499395	2
21.504395	2
21.509394	2
21.514393	2
21.519392	2
21.524391	2
21.52939	2
21.53439	2
21.539389	2
21.544388	2
21.549387	2
21.554386	2
21.559385	2
21.564384	2
21.569384	2
21.574383	2
21.579382	2
21.584381	2
21.58938	2
21.59438	2
21.599379	2
21.604378	2
21.609377	2
21.614376	2
21.619375	2
21.624374	2
21.629374	2
21.634373	2
21.639372	2
21.644371	2
21.64937	2
21.65437	2
21.659369	2
21.664368	2
21.669367	2
21.674366	2
21.679365	2
21.684364	2
21.689363	2
21.694363	2
21.699362	2
21.704361	2
21.70936	2
21.71436	2
21.719358	2
21.724358	2
21.729357	2
21.734356	2
21.739355	2
21.744354	2
21.749353	2
21.754353	2
21.759352	2
21.76435	2
21.76935	2
21.77435	2
21.779348	2
21.784348	2
21.789347	2
21.794346	2
21.799345	2
21.804344	2
21.809343	2
21.814342	2
21.819342	2
21.82434	2
21.82934	2
21.83434	2
21.839338	2
21.844337	2
21.849337	2
21.854336	2
21.859335	2
21.864334	2
21.869333	2
21.874332	2
21.879332	2
21.88433	2
21.88933	2
21.89433	2
21.899328	2
21.904327	2
21.909327	2
21.914326	2
21.919325	2
21.924324	2
21.929323	2
21.934322	2
21.939322	2
21.94432	2
21.94932	2
21.954319	2
21.959318	2
21.964317	2
21.969316	2
21.974316	2
21.979315	2
21.984314	2
21.989313	2
21.994312	2
21.999311	2
22.00431	2
22.00931	2
22.014309	2
22.019308	2
22.024307	2
22.029306	2
22.034306	2
22.039305	2
22.044304	2
22.049303	2
22.054302	2
22.059301	2
22.0643	2
22.0693	2
22.074299	2
22.079298	2
22.084297	2
22.089296	2
22.094296	2
22.099295	2
22.104294	2
22.109293	2
22.114292	2
22.119291	2
22.12429	2
22.12929	2
22.134289	2
22.139288	2
22.144287	2
22.149286	2
22.154285	2
22.159285	2
22.164284	2
22.169283	2
22.174282	2
22.179281	2
22.18428	2
22.18928	2
22.194279	2
22.199278	2
22.204277	2
22.209276	2
22.214275	2
22.219275	2
22.224274	2
22.229273	2
22.234272	2
22.239271	2
22.24427	2
22.24927	2
22.254269	2
22.259268	2
22.264267	2
22.269266	2
22.274265	2
22.279264	2
22.284264	2
22.289263	2
22.294262	2
22.299261	2
22.30426	2
22.30926	2
22.314259	2
22.319258	2
22.324257	2
22.329256	2
22.334255	2
22.339254	2
22.344254	2
22.349253	2
22.354252	2
22.359251	2
22.36425	2
22.36925	2
22.374249	2
22.379248	2
22.384247	2
22.389246	2
22.394245	2
22.399244	2
22.404243	2
22.409243	2
22.414242	2
22.41924	2
22.42424	2
22.42924	2
22.434238	2
22.439238	2
22.444237	2
22.449236	2
22.454235	2
22.459234	2
22.464233	2
22.469233	2
22.474232	2
22.47923	2
22.48423	2
22.48923	2
22.494228	2
22.499228	2
22.504227	2
22.509226	2
22.514225	2
22.519224	2
22.524223	2
22.529222	2
22.534222	2
22.53922	2
22.54422	2
22.54922	2
22.554218	2
22.559217	2
22.564217	2
22.569216	2
22.574215	2
22.579214	2
22.584213	2
22.589212	2
22.594212	2
22.59921	2
22.60421	2
22.60921	2
22.614208	2
22.619207	2
22.624207	2
22.629206	2
22.634205	2
22.639204	2
22.644203	2
22.649202	2
22.654202	2
22.6592	2
22.6642	2
22.669199	2
22.674198	2
22.679197	2
22.684196	2
22.689196	2
22.694195	2
22.699194	2
22.704193	2
22.709192	2
22.714191	2
22.71919	2
22.72419	2
22.729189	2
22.734188	2
22.739187	2
22.744186	2
22.749186	2
22.754185	2
22.759184	2
22.764183	2
22.769182	2
22.774181	2
22.77918	2
22.78418	2
22.789179	2
22.794178	2
22.799177	2
22.804176	2
22.809175	2
22.814175	2
22.819174	2
22.824173	2
22.829172	2
22.834171	2
22.83917	2
22.84417	2
22.849169	2
22.854168	2
22.859167	2
22.864166	2
22.869165	2
22.874165	2
22.879164	2
22.884163	2
22.889162	2
22.894161	2
22.89916	2
22.90416	2
22.909159	2
22.914158	2
22.919157	2
22.924156	2
22.929155	2
22.934155	2
22.939154	2
22.944153	2
22.949152	2
22.954151	2
22.95915	2
22.96415	2
22.969149	2
22.974148	2
22.979147	2
22.984146	2
22.989145	2
22.994144	2
22.999144	2
23.004143	2
23.009142	2
23.014141	2
23.01914	2
23.02414	2
23.029139	2
23.034138	2
23.039137	2
23.044136	2
23.049135	2
23.054134	2
23.059134	2
23.064133	2
23.069132	2
23.074131	2
23.07913	2
23.08413	2
23.089128	2
23.094128	2
23.099127	2
23.104126	2
23.109125	2
23.114124	2
23.119123	2
23.124123	2
23.129122	2
23.13412	2
23.13912	2
23.14412	2
23.149118	2
23.154118	2
23.159117	2
23.164116	2
23.169115	2
23.174114	2
23.179113	2
23.184113	2
23.189112	2
23.19411	2
23.19911	2
23.20411	2
23.209108	2
23.214108	2
23.219107	2
23.224106	2
23.229105	2
23.234104	2
23.239103	2
23.244102	2
23.249102	2
23.2541	2
23.2591	2
23.2641	2
23.269098	2
23.274097	2
23.279097	2
23.284096	2
23.289095	2
23.294094	2
23.299093	2
23.304092	2
23.309092	2
23.31409	2
23.31909	2
23.32409	2
23.329088	2
23.334087	2
23.339087	2
23.344086	2
23.349085	2
23.354084	2
23.359083	2
23.364082	2
23.369081	2
23.37408	2
23.37908	2
23.384079	2
23.389078	2
23.394077	2
23.399076	2
23.404076	2
23.409075	2
23.414074	2
23.419073	2
23.424072	2
23.429071	2
23.43407	2
23.43907	2
23.444069	2
23.449068	2
23.454067	2
23.459066	2
23.464066	2
23.469065	2
23.474064	2
23.479063	2
23.484062	2
23.489061	2
23.49406	2
23.49906	2
23.504059	2
23.509058	2
23.514057	2
23.519056	2
23.524055	2
23.529055	2
23.534054	2
23.539053	2
23.544052	2
23.549051	2
23.55405	2
23.55905	2
23.564049	2
23.569048	2
23.574047	2
23.579046	2
23.584045	2
23.589045	2
23.594044	2
23.599043	2
23.604042	2
23.609041	2
23.61404	2
23.61904	2
23.624039	2
23.629038	2
23.634037	2
23.639036	2
23.644035	2
23.649035	2
23.654034	2
23.659033	2
23.664032	2
23.669031	2
23.67403	2
23.67903	2
23.684029	2
23.689028	2
23.694027	2
23.699026	2
23.704025	2
23.709024	2
23.714024	2
23.719023	2
23.724022	2
23.729021	2
23.73402	2
23.73902	2
23.744019	2
23.749018	2
23.754017	2
23.759016	2
23.764015	2
23.769014	2
23.774014	2
23.779013	2
23.784012	2
23.789011	2
23.79401	2
23.79901	2
23.804008	2
23.809008	2
23.814007	2
23.819006	2
23.824005	2
23.829004	2
23.834003	2
23.839003	2
23.844002	2
23.849	2
23.854	2
23.859	2
23.863998	2
23.868998	2
23.873997	2
23.878996	2
23.883995	2
23.888994	2
23.893993	2
23.898993	2
23.903992	2
23.90899	2
23.91399	2
23.91899	2
23.923988	2
23.928988	2
23.933987	2
23.938986	2
23.943985	2
23.948984	2
23.953983	2
23.958982	2
23.963982	2
23.96898	2
23.97398	2
23.97898	2
23.983978	2
23.988977	2
23.993977	2
23.998976	2
24.003975	2
24.008974	2
24.013973	2
24.018972	2
24.023972	2
24.02897	2
24.03397	2
24.038969	2
24.043968	2
24.048967	2
24.053967	2
24.058966	2
24.063965	2
24.068964	2
24.073963	2
24.078962	2
24.083961	2
24.08896	2
24.09396	2
24.098959	2
24.103958	2
24.108957	2
24.113956	2
24.118956	2
24.123955	2
24.128954	2
24.133953	2
24.138952	2
24.143951	2
24.14895	2
24.15395	2
24.158949	2
24.163948	2
24.168947	2
24.173946	2
24.178946	2
24.183945	2
24.188944	2
24.193943	2
24.198942	2
24.203941	2
24.20894	2
24.21394	2
24.218939	2
24.223938	2
24.228937	2
24.233936	2
24.238935	2
24.243935	2
24.248934	2
24.253933	2
24.258932	2
24.263931	2
24.26893	2
24.27393	2
24.278929	2
24.283928	2
24.288927	2
24.293926	2
24.298925	2
24.303925	2
24.308924	2
24.313923	2
24.318922	2
24.323921	2
24.32892	2
24.33392	2
24.338919	2
24.343918	2
24.348917	2
24.353916	2
24.358915	2
24.363914	2
24.368914	2
24.373913	2
24.378912	2
24.383911	2
24.38891	2
24.39391	2
24.398909	2
24.403908	2
24.408907	2
24.413906	2
24.418905	2
24.423904	2
24.428904	2
24.433903	2
24.438902	2
24.443901	2
24.4489	2
24.4539	2
24.458899	2
24.463898	2
24.468897	2
24.473896	2
24.478895	2
24.483894	2
24.488894	2
24.493893	2
24.498892	2
24.503891	2
24.50889	2
24.51389	2
24.518888	2
24.523888	2
24.528887	2
24.533886	2
24.538885	2
24.543884	2
24.548883	2
24.553883	2
24.558882	2
24.56388	2
24.56888	2
24.57388	2
24.578878	2
24.583878	2
24.588877	2
24.593876	2
24.598875	2
24.603874	2
24.608873	2
24.613873	2
24.618872	2
24.62387	2
24.62887	2
24.63387	2
24.638868	2
24.643867	2
24.648867	2
24.653866	2
24.658865	2
24.663864	2
24.668863	2
24.673862	2
24.678862	2
24.68386	2
24.68886	2
24.69386	2
24.698858	2
24.703857	2
24.708857	2
24.713856	2
24.718855	2
24.723854	2
24.728853	2
24.733852	2
24.738852	2
24.74385	2
24.74885	2
24.753849	2
24.758848	2
24.763847	2
24.768847	2
24.773846	2
24.778845	2
24.783844	2
24.788843	2
24.793842	2
24.798841	2
24.80384	2
24.80884	2
24.813839	2
24.818838	2
24.823837	2
24.828836	2
24.833836	2
24.838835	2
24.843834	2
24.848833	2
24.853832	2
24.858831	2
24.86383	2
24.86883	2
24.873829	2
24.878828	2
24.883827	2
24.888826	2
24.893826	2
24.898825	2
24.903824	2
24.908823	2
24.913822	2
24.918821	2
24.92382	2
24.92882	2
24.933819	2
24.938818	2
24.943817	2
24.948816	2
24.953815	2
24.958815	2
24.963814	2
24.968813	2
24.973812	2
24.978811	2
24.98381	2
24.98881	2
24.993809	2
24.998808	2
25.003807	2
25.008806	2
25.013805	2
25.018805	2
25.023804	2
25.028803	2
25.033802	2
25.038801	2
25.0438	2
25.0488	2
25.053799	2
25.058798	2
25.063797	2
25.068796	2
25.073795	2
25.078794	2
25.083794	2
25.088793	2
25.093792	2
25.098791	2
25.10379	2
25.10879	2
25.113789	2
25.118788	2
25.123787	2
25.128786	2
25.133785	2
25.138784	2
25.143784	2
25.148783	2
25.153782	2
25.158781	2
25.16378	2
25.16878	2
25.173779	2
25.178778	2
25.183777	2
25.188776	2
25.193775	2
25.198774	2
25.203773	2
25.208773	2
25.213772	2
25.218771	2
25.22377	2
25.22877	2
25.233768	2
25.238768	2
25.243767	2
25.248766	2
25.253765	2
25.258764	2
25.263763	2
25.268763	2
25.273762	2
25.27876	2
25.28376	2
25.28876	2
25.293758	2
25.298758	2
25.303757	2
25.308756	2
25.313755	2
25.318754	2
25.323753	2
25.328753	2
25.333752	2
25.33875	2
25.34375	2
25.34875	2
25.353748	2
25.358747	2
25.363747	2
25.368746	2
25.373745	2
25.378744	2
25.383743	2
25.388742	2
25.393742	2
25.39874	2
25.40374	2
25.40874	2
25.413738	2
25.418737	2
25.423737	2
25.428736	2
25.433735	2
25.438734	2
25.443733	2
25.448732	2
25.453732	2
25.45873	2
25.46373	2
25.468729	2
25.473728	2
25.478727	2
25.483727	2
25.488726	2
25.493725	2
25.498724	2
25.503723	2
25.508722	2
25.513721	2
25.51872	2
25.52372	2
25.528719	2
25.533718	2
25.538717	2
25.543716	2
25.548716	2
25.553715	2
25.558714	2
25.563713	2
25.568712	2
25.573711	2
25.57871	2
25.58371	2
25.588709	2
25.593708	2
25.598707	2
25.603706	2
25.608706	2
25.613705	2
25.618704	2
25.623703	2
25.628702	2
25.633701	2
25.6387	2
25.6437	2
25.648699	2
25.653698	2
25.658697	2
25.663696	2
25.668695	2
25.673695	2
25.678694	2
25.683693	2
25.688692	2
25.693691	2
25.69869	2
25.70369	2
25.708689	2
25.713688	2
25.718687	2
25.723686	2
25.728685	2
25.733685	2
25.738684	2
25.743683	2
25.748682	2
25.753681	2
25.75868	2
25.76368	2
25.768679	2
25.773678	2
25.778677	2
25.783676	2
25.788675	2
25.793674	2
25.798674	2
25.803673	2
25.808672	2
25.813671	2
25.81867	2
25.82367	2
25.828669	2
25.833668	2
25.838667	2
25.843666	2
25.848665	2
25.853664	2
25.858664	2
25.863663	2
25.868662	2
25.873661	2
25.87866	2
25.88366	2
25.888659	2
25.893658	2
25.898657	2
25.903656	2
25.908655	2
25.913654	2
25.918653	2
25.923653	2
25.928652	2
25.933651	2
25.93865	2
25.94365	2
25.948648	2
25.953648	2
25.958647	2
25.963646	2
25.968645	2
25.973644	2
25.978643	2
25.983643	2
25.988642	2
25.99364	2
25.99864	2
26.00364	2
26.008638	2
26.013638	2
26.018637	2
26.023636	2
26.028635	2
26.033634	2
26.038633	2
26.043633	2
26.048632	2
26.05363	2
26.05863	2
26.06363	2
26.068628	2
26.073627	2
26.078627	2
26.083626	2
26.088625	2
26.093624	2
26.098623	2
26.103622	2
26.108622	2
26.11362	2
26.11862	2
26.12362	2
26.128618	2
26.133617	2
26.138617	2
26.143616	2
26.148615	2
26.153614	2
26.158613	2
26.163612	2
26.168612	2
26.17361	2
26.17861	2
26.183609	2
26.188608	2
26.193607	2
26.198606	2
26.203606	2
26.208605	2
26.213604	2
26.218603	2
26.223602	2
26.228601	2
26.2336	2
26.2386	2
26.243599	2
26.248598	2
26.253597	2
26.258596	2
26.263596	2
26.268595	2
26.273594	2
26.278593	2
26.283592	2
26.288591	2
26.29359	2
26.29859	2
26.303589	2
26.308588	2
26.313587	2
26.318586	2
26.323586	2
26.328585	2
26.333584	2
26.338583	2
26.343582	2
26.348581	2
26.35358	2
26.35858	2
26.363579	2
26.368578	2
26.373577	2
26.378576	2
26.383575	2
26.388575	2
26.393574	2
26.398573	2
26.403572	2
26.408571	2
26.41357	2
26.41857	2
26.423569	2
26.428568	2
26.433567	2
26.438566	2
26.443565	2
26.448565	2
26.453564	2
26.458563	2
26.463562	2
26.468561	2
26.47356	2
26.47856	2
26.483559	2
26.488558	2
26.493557	2
26.498556	2
26.503555	2
26.508554	2
26.513554	2
26.518553	2
26.523552	2
26.528551	2
26.53355	2
26.53855	2
26.543549	2
26.548548	2
26.553547	2
26.558546	2
26.563545	2
26.568544	2
26.573544	2
26.578543	2
26.583542	2
26.588541	2
26.59354	2
26.59854	2
26.603539	2
26.608538	2
26.613537	2
26.618536	2
26.623535	2
26.628534	2
26.633533	2
26.638533	2
26.643532	2
26.648531	2
26.65353	2
26.65853	2
26.663528	2
26.668528	2
26.673527	2
26.678526	2
26.683525	2
26.688524	2
26.693523	2
26.698523	2
26.703522	2
26.70852	2
26.71352	2
26.71852	2
26.723518	2
26.728518	2
26.733517	2
26.738516	2
26.743515	2
26.748514	2
26.753513	2
26.758512	2
26.763512	2
26.76851	2
26.77351	2
26.77851	2
26.783508	2
26.788507	2
26.793507	2
26.798506	2
26.803505	2
26.808504	2
26.813503	2
26.818502	2
26.823502	2
26.8285	2
26.8335	2
26.8385	2
26.843498	2
26.848497	2
26.853497	2
26.858496	2
26.863495	2
26.868494	2
26.873493	2
26.878492	2
26.883492	2
26.88849	2
26.89349	2
26.898489	2
26.903488	2
26.908487	2
26.913486	2
26.918486	2
26.923485	2
26.928484	2
26.933483	2
26.938482	2
26.943481	2
26.94848	2
26.95348	2
26.958479	2
26.963478	2
26.968477	2
26.973476	2
26.978476	2
26.983475	2
26.988474	2
26.993473	2
26.998472	2
27.003471	2
27.00847	2
27.01347	2
27.018469	2
27.023468	2
27.028467	2
27.033466	2
27.038465	2
27.043465	2
27.048464	2
27.053463	2
27.058462	2
27.063461	2
27.06846	2
27.07346	2
27.078459	2
27.083458	2
27.088457	2
27.093456	2
27.098455	2
27.103455	2
27.108454	2
27.113453	2
27.118452	2
27.123451	2
27.12845	2
27.13345	2
27.138449	2
27.143448	2
27.148447	2
27.153446	2
27.158445	2
27.163445	2
27.168444	2
27.173443	2
27.178442	2
27.183441	2
27.18844	2
27.19344	2
27.198439	2
27.203438	2
27.208437	2
27.213436	2
27.218435	2
27.223434	2
27.228434	2
27.233433	2
27.238432	2
27.243431	2
27.24843	2
27.25343	2
27.258429	2
27.263428	2
27.268427	2
27.273426	2
27.278425	2
27.283424	2
27.288424	2
27.293423	2
27.298422	2
27.303421	2
27.30842	2
27.31342	2
27.318419	2
27.323418	2
27.328417	2
27.333416	2
27.338415	2
27.343414	2
27.348413	2
27.353413	2
27.358412	2
27.36341	2
27.36841	2
27.37341	2
27.378408	2
27.383408	2
27.388407	2
27.393406	2
27.398405	2
27.403404	2
27.408403	2
27.413403	2
27.418402	2
27.4234	2
27.4284	2
27.4334	2
27.438398	2
27.443398	2
27.448397	2
27.453396	2
27.458395	2
27.463394	2
27.468393	2
27.473392	2
27.478392	2
27.48339	2
27.48839	2
27.49339	2
27.498388	2
27.503387	2
27.508387	2
27.513386	2
27.518385	2
27.523384	2
27.528383	2
27.533382	2
27.538382	2
27.54338	2
27.54838	2
27.55338	2
27.558378	2
27.563377	2
27.568377	2
27.573376	2
27.578375	2
27.583374	2
27.588373	2
27.593372	2
27.598372	2
27.60337	2
27.60837	2
27.613369	2
27.618368	2
27.623367	2
27.628366	2
27.633366	2
27.638365	2
27.643364	2
27.648363	2
27.653362	2
27.658361	2
27.66336	2
27.66836	2
27.673359	2
27.678358	2
27.683357	2
27.688356	2
27.693356	2
27.698355	2
27.703354	2
27.708353	2
27.713352	2
27.718351	2
27.72335	2
27.72835	2
27.733349	2
27.738348	2
27.743347	2
27.748346	2
27.753345	2
27.758345	2
27.763344	2
27.768343	2
27.773342	2
27.778341	2
27.78334	2
27.78834	2
27.793339	2
27.798338	2
27.803337	2
27.808336	2
27.813335	2
27.818335	2
27.823334	2
27.828333	2
27.833332	2
27.838331	2
27.84333	2
27.84833	2
27.853329	2
27.858328	2
27.863327	2
27.868326	2
27.873325	2
27.878325	2
27.883324	2
27.888323	2
27.893322	2
27.898321	2
27.90332	2
27.90832	2
27.913319	2
27.918318	2
27.923317	2
27.928316	2
27.933315	2
27.938314	2
27.943314	2
27.948313	2
27.953312	2
27.958311	2
27.96331	2
27.96831	2
27.973309	2
27.978308	2
27.983307	2
27.988306	2
27.993305	2
27.998304	2
28.003304	2
28.008303	2
28.013302	2
28.018301	2
28.0233	2
28.0283	2
28.033298	2
28.038298	2
28.043297	2
28.048296	2
28.053295	2
28.058294	2
28.063293	2
28.068293	2
28.073292	2
28.07829	2
28.08329	2
28.08829	2
28.093288	2
28.098288	2
28.103287	2
28.108286	2
28.113285	2
28.118284	2
28.123283	2
28.128283	2
28.133282	2
28.13828	2
28.14328	2
28.14828	2
28.153278	2
28.158278	2
28.163277	2
28.168276	2
28.173275	2
28.178274	2
28.183273	2
28.188272	2
28.193272	2
28.19827	2
28.20327	2
28.20827	2
28.213268	2
28.218267	2
28.223267	2
28.228266	2
28.233265	2
28.238264	2
28.243263	2
28.248262	2
28.253262	2
28.25826	2
28.26326	2
28.26826	2
28.273258	2
28.278257	2
28.283257	2
28.288256	2
28.293255	2
28.298254	2
28.303253	2
28.308252	2
28.313251	2
28.31825	2
28.32325	2
28.328249	2
28.333248	2
28.338247	2
28.343246	2
28.348246	2
28.353245	2
28.358244	2
28.363243	2
28.368242	2
28.373241	2
28.37824	2
28.38324	2
28.388239	2
28.393238	2
28.398237	2
28.403236	2
28.408236	2
28.413235	2
28.418234	2
28.423233	2
28.428232	2
28.433231	2
28.43823	2
28.44323	2
28.448229	2
28.453228	2
28.458227	2
28.463226	2
28.468225	2
28.473225	2
28.478224	2
28.483223	2
28.488222	2
28.493221	2
28.49822	2
28.50322	2
28.508219	2
28.513218	2
28.518217	2
28.523216	2
28.528215	2
28.533215	2
28.538214	2
28.543213	2
28.548212	2
28.553211	2
28.55821	2
28.56321	2
28.568209	2
28.573208	2
28.578207	2
28.583206	2
28.588205	2
28.593204	2
28.598204	2
28.603203	2
28.608202	2
28.613201	2
28.6182	2
28.6232	2
28.628199	2
28.633198	2
28.638197	2
28.643196	2
28.648195	2
28.653194	2
28.658194	2
28.663193	2
28.668192	2
28.673191	2
28.67819	2
28.68319	2
28.688189	2
28.693188	2
28.698187	2
28.703186	2
28.708185	2
28.713184	2
28.718184	2
28.723183	2
28.728182	2
28.733181	2
28.73818	2
28.74318	2
28.748178	2
28.753178	2
28.758177	2
28.763176	2
28.768175	2
28.773174	2
28.778173	2
28.783173	2
28.788172	2
28.79317	2
28.79817	2
28.80317	2
28.808168	2
28.813168	2
28.818167	2
28.823166	2
28.828165	2
28.833164	2
28.838163	2
28.843163	2
28.848162	2
28.85316	2
28.85816	2
28.86316	2
28.868158	2
28.873158	2
28.878157	2
28.883156	2
28.888155	2
28.893154	2
28.898153	2
28.903152	2
28.908152	2
28.91315	2
28.91815	2
28.92315	2
28.928148	2
28.933147	2
28.938147	2
28.943146	2
28.948145	2
28.953144	2
28.958143	2
28.963142	2
28.968142	2
28.97314	2
28.97814	2
28.983139	2
28.988138	2
28.993137	2
28.998137	2
29.003136	2
29.008135	2
29.013134	2
29.018133	2
29.023132	2
29.028131	2
29.03313	2
29.03813	2
29.043129	2
29.048128	2
29.053127	2
29.058126	2
29.063126	2
29.068125	2
29.073124	2
29.078123	2
29.083122	2
29.088121	2
29.09312	2
29.09812	2
29.103119	2
29.108118	2
29.113117	2
29.118116	2
29.123116	2
29.128115	2
29.133114	2
29.138113	2
29.143112	2
29.148111	2
29.15311	2
29.15811	2
29.163109	2
29.168108	2
29.173107	2
29.178106	2
29.183105	2
29.188105	2
29.193104	2
29.198103	2
29.203102	2
29.208101	2
29.2131	2
29.2181	2
29.223099	2
29.228098	2
29.233097	2
29.238096	2
29.243095	2
29.248095	2
29.253094	2
29.258093	2
29.263092	2
29.268091	2
29.27309	2
29.27809	2
29.283089	2
29.288088	2
29.293087	2
29.298086	2
29.303085	2
29.308084	2
29.313084	2
29.318083	2
29.323082	2
29.328081	2
29.33308	2
29.33808	2
29.343079	2
29.348078	2
29.353077	2
29.358076	2
29.363075	2
29.368074	2
29.373074	2
29.378073	2
29.383072	2
29.388071	2
29.39307	2
29.39807	2
29.403069	2
29.408068	2
29.413067	2
29.418066	2
29.423065	2
29.428064	2
29.433064	2
29.438063	2
29.443062	2
29.448061	2
29.45306	2
29.45806	2
29.463058	2
29.468058	2
29.473057	2
29.478056	2
29.483055	2
29.488054	2
29.493053	2
29.498053	2
29.503052	2
29.50805	2
29.51305	2
29.51805	2
29.523048	2
29.528048	2
29.533047	2
29.538046	2
29.543045	2
29.548044	2
29.553043	2
29.558043	2
29.563042	2
29.56804	2
29.57304	2
29.57804	2
29.583038	2
29.588037	2
29.593037	2
29.598036	2
29.603035	2
29.608034	2
29.613033	2
29.618032	2
29.623032	2
29.62803	2
29.63303	2
29.63803	2
29.643028	2
29.648027	2
29.653027	2
29.658026	2
29.663025	2
29.668024	2
29.673023	2
29.678022	2
29.683022	2
29.68802	2
29.69302	2
29.698019	2
29.703018	2
29.708017	2
29.713017	2
29.718016	2
29.723015	2
29.728014	2
29.733013	2
29.738012	2
29.743011	2
29.74801	2
29.75301	2
29.758009	2
29.763008	2
29.768007	2
29.773006	2
29.778006	2
29.783005	2
29.788004	2
29.793003	2
29.798002	2
29.803001	2
29.808	2
29.813	2
29.817999	2
29.822998	2
29.827997	2
29.832996	2
29.837996	2
29.842995	2
29.847994	2
29.852993	2
29.857992	2
29.862991	2
29.86799	2
29.87299	2
29.877989	2
29.882988	2
29.887987	2
29.892986	2
29.897985	2
29.902985	2
29.907984	2
29.912983	2
29.917982	2
29.922981	2
29.92798	2
29.93298	2
29.937979	2
29.942978	2
29.947977	2
29.952976	2
29.957975	2
29.962975	2
29.967974	2
29.972973	2
29.977972	2
29.982971	2
29.98797	2
29.99297	2
29.997969	2
30.002968	2
30.007967	2
30.012966	2
30.017965	2
30.022964	2
30.027964	2
30.032963	2
30.037962	2
30.042961	2
30.04796	2
30.05296	2
30.057959	2
30.062958	2
30.067957	2
30.072956	2
30.077955	2
30.082954	2
30.087954	2
30.092953	2
30.097952	2
30.102951	2
30.10795	2
30.11295	2
30.117949	2
30.122948	2
30.127947	2
30.132946	2
30.137945	2
30.142944	2
30.147943	2
30.152943	2
30.157942	2
30.162941	2
30.16794	2
30.17294	2
30.177938	2
30.182938	2
30.187937	2
30.192936	2
30.197935	2
30.202934	2
30.207933	2
30.212933	2
30.217932	2
30.22293	2
30.22793	2
30.23293	2
30.237928	2
30.242928	2
30.247927	2
30.252926	2
30.257925	2
30.262924	2
30.267923	2
30.272923	2
30.277922	2
30.28292	2
30.28792	2
30.29292	2
30.297918	2
30.302917	2
30.307917	2
30.312916	2
30.317915	2
30.322914	2
30.327913	2
30.332912	2
30.337912	2
30.34291	2
30.34791	2
30.35291	2
30.357908	2
30.362907	2
30.367907	2
30.372906	2
30.377905	2
30.382904	2
30.387903	2
30.392902	2
30.397902	2
30.4029	2
30.4079	2
30.412899	2
30.417898	2
30.422897	2
30.427896	2
30.432896	2
30.437895	2
30.442894	2
30.447893	2
30.452892	2
30.457891	2
30.46289	2
30.46789	2
30.472889	2
30.477888	2
30.482887	2
30.487886	2
30.492886	2
30.497885	2
30.502884	2
30.507883	2
30.512882	2
30.517881	2
30.52288	2
30.52788	2
30.532879	2
30.537878	2
30.542877	2
30.547876	2
30.552876	2
30.557875	2
30.562874	2
30.567873	2
30.572872	2
30.577871	2
30.58287	2
30.58787	2
30.592869	2
30.597868	2
30.602867	2
30.607866	2
30.612865	2
30.617865	2
30.622864	2
30.627863	2
30.632862	2
30.637861	2
30.64286	2
30.64786	2
30.652859	2
30.657858	2
30.662857	2
30.667856	2
30.672855	2
30.677855	2
30.682854	2
30.687853	2
30.692852	2
30.697851	2
30.70285	2
30.70785	2
30.712849	2
30.717848	2
30.722847	2
30.727846	2
30.732845	2
30.737844	2
30.742844	2
30.747843	2
30.752842	2
30.757841	2
30.76284	2
30.76784	2
30.772839	2
30.777838	2
30.782837	2
30.787836	2
30.792835	2
30.797834	2
30.802834	2
30.807833	2
30.812832	2
30.817831	2
30.82283	2
30.82783	2
30.832829	2
30.837828	2
30.842827	2
30.847826	2
30.852825	2
30.857824	2
30.862823	2
30.867823	2
30.872822	2
30.877821	2
30.88282	2
30.88782	2
30.892818	2
30.897818	2
30.902817	2
30.907816	2
30.912815	2
30.917814	2
30.922813	2
30.927813	2
30.932812	2
30.93781	2
30.94281	2
30.94781	2
30.952808	2
30.957808	2
30.962807	2
30.967806	2
30.972805	2
30.977804	2
30.982803	2
30.987803	2
30.992802	2
30.9978	2
31.0028	2
31.0078	2
31.012798	2
31.017797	2
31.022797	2
31.027796	2
31.032795	2
31.037794	2
31.042793	2
31.047792	2
31.052792	2
31.05779	2
31.06279	2
31.06779	2
31.072788	2
31.077787	2
31.082787	2
31.087786	2
31.092785	2
31.097784	1
31.102783	1
31.107782	1
31.112782	1
31.11778	1
31.12278	1
31.127779	1
31.132778	1
31.137777	1
31.142776	1
31.147776	1
31.152775	1
31.157774	1
31.162773	1
31.167772	1
31.172771	1
31.17777	1
31.18277	1
31.187769	1
31.192768	1
31.197767	1
31.202766	1
31.207766	1
31.212765	1
31.217764	1
31.222763	1
31.227762	1
31.232761	1
31.23776	1
31.24276	1
31.247759	1
31.252758	1
31.257757	1
31.262756	1
31.267756	1
31.272755	1
31.277754	1
31.282753	1
31.287752	1
31.292751	1
31.29775	1
31.30275	1
31.307749	1
31.312748	1
31.317747	1
31.322746	1
31.327745	1
31.332745	1
31.337744	1
31.342743	1
31.347742	1
31.352741	1
31.35774	1
31.36274	1
31.367739	1
31.372738	1
31.377737	1
31.382736	1
31.387735	1
31.392735	1
31.397734	1
31.402733	1
31.407732	1
31.412731	1
31.41773	1
31.42273	1
31.427729	1
31.432728	1
31.437727	1
31.442726	1
31.447725	1
31.452724	1
31.457724	1
31.462723	1
31.467722	1
31.472721	1
31.47772	1
31.48272	1
31.487719	1
31.492718	1
31.497717	1
31.502716	1
31.507715	1
31.512714	1
31.517714	1
31.522713	1
31.527712	1
31.532711	1
31.53771	1
31.54271	1
31.547709	1
31.552708	1
31.557707	1
31.562706	1
31.567705	1
31.572704	1
31.577703	1
31.582703	1
31.587702	1
31.592701	1
31.5977	1
31.6027	1
31.607698	1
31.612698	1
31.617697	1
31.622696	1
31.627695	1
31.632694	1
31.637693	1
31.642693	1
31.647692	1
31.65269	1
31.65769	1
31.66269	1
31.667688	1
31.672688	1
31.677687	1
31.682686	1
31.687685	1
31.692684	1
31.697683	1
31.702682	1
31.707682	1
31.71268	1
31.71768	1
31.72268	1
31.727678	1
31.732677	1
31.737677	1
31.742676	1
31.747675	1
31.752674	1
31.757673	1
31.762672	1
31.767672	1
31.77267	1
31.77767	1
31.78267	1
31.787668	1
31.792667	1
31.797667	1
31.802666	1
31.807665	1
31.812664	1
31.817663	1
31.822662	1
31.827662	1
31.83266	1
31.83766	1
31.842659	1
31.847658	1
31.852657	1
31.857656	1
31.862656	1
31.867655	1
31.872654	1
31.877653	1
31.882652	1
31.887651	1
31.89265	1
31.89765	1
31.902649	1
31.907648	1
31.912647	1
31.917646	1
31.922646	1
31.927645	1
31.932644	1
31.937643	1
31.942642	1
31.947641	1
31.95264	1
31.95764	1
31.962639	1
31.967638	1
31.972637	1
31.977636	1
31.982635	1
31.987635	1
31.992634	1
31.997633	1
32.002632	1
32.007633	1
32.012634	1
32.017635	1
32.022636	1
32.027637	1
32.03264	1
32.03764	1
32.04264	1
32.04764	1
32.052643	1
32.057644	1
32.062645	1
32.067646	1
32.072647	1
32.07765	1
32.08265	1
32.08765	1
32.09265	1
32.097652	1
32.102654	1
32.107655	1
32.112656	1
32.117657	1
32.122658	1
32.12766	1
32.13266	1
32.13766	1
32.142662	1
32.147663	1
32.152664	1
32.157665	1
32.162666	1
32.167667	1
32.17267	1
32.17767	1
32.18267	1
32.18767	1
32.192673	1
32.197674	1
32.202675	1
32.207676	1
32.212677	1
32.217678	1
32.22268	1
32.22768	1
32.23268	1
32.237682	1
32.242683	1
32.247684	1
32.252686	1
32.257687	1
32.262688	1
32.26769	1
32.27269	1
32.27769	1
32.282692	1
32.287693	1
32.292694	1
32.297695	1
32.302696	1
32.307697	1
32.3127	1
32.3177	1
32.3227	1
32.3277	1
32.332703	1
32.337704	1
32.342705	1
32.347706	1
32.352707	1
32.357708	1
32.36271	1
32.36771	1
32.37271	1
32.377712	1
32.382713	1
32.387714	1
32.392715	1
32.397717	1
32.402718	1
32.40772	1
32.41272	1
32.41772	1
32.42272	1
32.427723	1
32.432724	1
32.437725	1
32.442726	1
32.447727	1
32.45273	1
32.45773	1
32.46273	1
32.46773	1
32.472733	1
32.477734	1
32.482735	1
32.487736	1
32.492737	1
32.497738	1
32.50274	1
32.50774	1
32.51274	1
32.517742	1
32.522743	1
32.527744	1
32.532745	1
32.537746	1
32.542747	1
32.54775	1
32.55275	1
32.55775	1
32.56275	1
32.567753	1
32.572754	1
32.577755	1
32.582756	1
32.587757	1
32.59276	1
32.59776	1
32.60276	1
32.60776	1
32.612762	1
32.617764	1
32.622765	1
32.627766	1
32.632767	1
32.637768	1
32.64277	1
32.64777	1
32.65277	1
32.657772	1
32.662773	1
32.667774	1
32.672775	1
32.677776	1
32.682777	1
32.68778	1
32.69278	1
32.69778	1
32.70278	1
32.707783	1
32.712784	1
32.717785	1
32.722786	1
32.727787	1
32.732788	1
32.73779	1
32.74279	1
32.74779	1
32.752792	1
32.757793	1
32.762794	1
32.767796	1
32.772797	1
32.777798	1
32.7828	1
32.7878	1
32.7928	1
32.797802	1
32.802803	1
32.807804	1
32.812805	1
32.817806	1
32.822807	1
32.82781	1
32.83281	1
32.83781	1
32.84281	1
32.847813	1
32.852814	1
32.857815	1
32.862816	1
32.867817	1
32.872818	1
32.87782	1
32.88282	1
32.88782	1
32.892822	1
32.897823	1
32.902824	1
32.907825	1
32.912827	1
32.917828	1
32.92283	1
32.92783	1
32.93283	1
32.93783	1
32.942833	1
32.947834	1
32.952835	1
32.957836	1
32.962837	1
32.96784	1
32.97284	1
32.97784	1
32.98284	1
32.987843	1
32.992844	1
32.997845	1
33.002846	1
33.007847	1
33.012848	1
33.01785	1
33.02285	1
33.02785	1
33.032852	1
33.037853	1
33.042854	1
33.047855	1
33.052856	1
33.057858	1
33.06286	1
33.06786	1
33.07286	1
33.07786	1
33.082863	1
33.087864	1
33.092865	1
33.097866	1
33.102867	1
33.10787	1
33.11287	1
33.11787	1
33.12287	1
33.127872	1
33.132874	1
33.137875	1
33.142876	1
33.147877	1
33.152878	1
33.15788	1
33.16288	1
33.16788	1
33.172882	1
33.177883	1
33.182884	1
33.187885	1
33.192886	1
33.197887	1
33.20289	1
33.20789	1
33.21289	1
33.21789	1
33.222893	1
33.227894	1
33.232895	1
33.237896	1
33.242897	1
33.2479	1
33.2529	1
33.2579	1
33.2629	1
33.267902	1
33.272903	1
33.277905	1
33.282906	1
33.287907	1
33.292908	1
33.29791	1
33.30291	1
33.30791	1
33.312912	1
33.317913	1
33.322914	1
33.327915	1
33.332916	1
33.337917	1
33.34292	1
33.34792	1
33.35292	1
33.35792	1
33.362923	1
33.367924	1
33.372925	1
33.377926	1
33.382927	1
33.387928	1
33.39293	1
33.39793	1
33.40293	1
33.407932	1
33.412933	1
33.417934	1
33.422935	1
33.427937	1
33.432938	1
33.43794	1
33.44294	1
33.44794	1
33.45294	1
33.457943	1
33.462944	1
33.467945	1
33.472946	1
33.477947	1
33.48295	1
33.48795	1
33.49295	1
33.49795	1
33.502953	1
33.507954	1
33.512955	1
33.517956	1
33.522957	1
33.527958	1
33.53296	1
33.53796	1
33.54296	1
33.547962	1
33.552963	1
33.557964	1
33.562965	1
33.567966	1
33.572968	1
33.57797	1
33.58297	1
33.58797	1
33.59297	1
33.597973	1
33.602974	1
33.607975	1
33.612976	1
33.617977	1
33.62298	1
33.62798	1
33.63298	1
33.63798	1
33.642982	1
33.647984	1
33.652985	1
33.657986	1
33.662987	1
33.667988	1
33.67299	1
33.67799	1
33.68299	1
33.687992	1
33.692993	1
33.697994	1
33.702995	1
33.707996	1
33.712997	1
33.718	1
33.723	1
33.728	1
33.733	1
33.738003	1
33.743004	1
33.748005	1
33.753006	1
33.758007	1
33.76301	1
33.76801	1
33.77301	1
33.77801	1
33.783012	1
33.788013	1
33.793015	1
33.798016	1
33.803017	1
33.808018	1
33.81302	1
33.81802	1
33.82302	1
33.828022	1
33.833023	1
33.838024	1
33.843025	1
33.848026	1
33.853027	1
33.85803	1
33.86303	1
33.86803	1
33.87303	1
33.878033	1
33.883034	1
33.888035	1
33.893036	1
33.898037	1
33.903038	1
33.90804	1
33.91304	1
33.91804	1
33.923042	1
33.928043	1
33.933044	1
33.938046	1
33.943047	1
33.948048	1
33.95305	1
33.95805	1
33.96305	1
33.968052	1
33.973053	1
33.978054	1
33.983055	1
33.988056	1
33.993057	1
33.99806	1
34.00306	1
34.00806	1
34.01306	1
34.018063	1
34.023064	1
34.028065	1
34.033066	1
34.038067	1
34.043068	1
34.04807	1
34.05307	1
34.05807	1
34.063072	1
34.068073	1
34.073074	1
34.078075	1
34.083076	1
34.088078	1
34.09308	1
34.09808	1
34.10308	1
34.10808	1
34.113083	1
34.118084	1
34.123085	1
34.128086	1
34.133087	1
34.13809	1
34.14309	1
34.14809	1
34.15309	1
34.158092	1
34.163094	1
34.168095	1
34.173096	1
34.178097	1
34.183098	1
34.1881	1
34.1931	1
34.1981	1
34.203102	1
34.208103	1
34.213104	1
34.218105	1
34.223106	1
34.228107	1
34.23311	1
34.23811	1
34.24311	1
34.24811	1
34.253113	1
34.258114	1
34.263115	1
34.268116	1
34.273117	1
34.27812	1
34.28312	1
34.28812	1
34.29312	1
34.298122	1
34.303123	1
34.308125	1
34.313126	1
34.318127	1
34.323128	1
34.32813	1
34.33313	1
34.33813	1
34.343132	1
34.348133	1
34.353134	1
34.358135	1
34.363136	1
34.368137	1
34.37314	1
34.37814	1
34.38314	1
34.38814	1
34.393143	1
34.398144	1
34.403145	1
34.408146	1
34.413147	1
34.418148	1
34.42315	1
34.42815	1
34.43315	1
34.438152	1
34.443153	1
34.448154	1
34.453156	1
34.458157	1
34.463158	1
34.46816	1
34.47316	1
34.47816	1
34.483162	1
34.488163	1
34.493164	1
34.498165	1
34.503166	1
34.508167	1
34.51317	1
34.51817	1
34.52317	1
34.52817	1
34.533173	1
34.538174	1
34.543175	1
34.548176	1
34.553177	1
34.558178	1
34.56318	1
34.56818	1
34.57318	1
34.578182	1
34.583183	1
34.588184	1
34.593185	1
34.598186	1
34.603188	1
34.60819	1
34.61319	1
34.61819	1
34.62319	1
34.628193	1
34.633194	1
34.638195	1
34.643196	1
34.648197	1
34.6532	1
34.6582	1
34.6632	1
34.6682	1
34.673203	1
34.678204	1
34.683205	1
34.688206	1
34.693207	1
34.698208	1
34.70321	1
34.70821	1
34.71321	1
34.718212	1
34.723213	1
34.728214	1
34.733215	1
34.738216	1
34.743217	1
34.74822	1
34.75322	1
34.75822	1
34.76322	1
34.768223	1
34.773224	1
34.778225	1
34.783226	1
34.788227	1
34.79323	1
34.79823	1
34.80323	1
34.80823	1
34.813232	1
34.818233	1
34.823235	1
34.828236	1
34.833237	1
34.838238	1
34.84324	1
34.84824	1
34.85324	1
34.858242	1
34.863243	1
34.868244	1
34.873245	1
34.878246	1
34.883247	1
34.88825	1
34.89325	1
34.89825	1
34.90325	1
34.908253	1
34.913254	1
34.918255	1
34.923256	1
34.928257	1
34.933258	1
34.93826	1
34.94326	1
34.94826	1
34.953262	1
34.958263	1
34.963264	1
34.968266	1
34.973267	1
34.978268	1
34.98327	1
34.98827	1
34.99327	1
34.998272	1
35.003273	1
35.008274	1
35.013275	1
35.018276	1
35.023277	1
35.02828	1
35.03328	1
35.03828	1
35.04328	1
35.048283	1
35.053284	1
35.058285	1
35.063286	1
35.068287	1
35.073288	1
35.07829	1
35.08329	1
35.08829	1
35.093292	1
35.098293	1
35.103294	1
35.108295	1
35.113297	1
35.118298	1
35.1233	1
35.1283	1
35.1333	1
35.1383	1
35.143303	1
35.148304	1
35.153305	1
35.158306	1
35.163307	1
35.16831	1
35.17331	1
35.17831	1
35.18331	1
35.188313	1
35.193314	1
35.198315	1
35.203316	1
35.208317	1
35.213318	1
35.21832	1
35.22332	1
35.22832	1
35.233322	1
35.238323	1
35.243324	1
35.248325	1
35.253326	1
35.258327	1
35.26333	1
35.26833	1
35.27333	1
35.27833	1
35.283333	1
35.288334	1
35.293335	1
35.298336	1
35.303337	1
35.30834	1
35.31334	1
35.31834	1
35.32334	1
35.328342	1
35.333344	1
35.338345	1
35.343346	1
35.348347	1
35.353348	1
35.35835	1
35.36335	1
35.36835	1
35.373352	1
35.378353	1
35.383354	1
35.388355	1
35.393356	1
35.398357	1
35.40336	1
35.40836	1
35.41336	1
35.41836	1
35.423363	1
35.428364	1
35.433365	1
35.438366	1
35.443367	1
35.448368	1
35.45337	1
35.45837	1
35.46337	1
35.468372	1
35.473373	1
35.478374	1
35.483376	1
35.488377	1
35.493378	1
35.49838	1
35.50338	1
35.50838	1
35.513382	1
35.518383	1
35.523384	1
35.528385	1
35.533386	1
35.538387	1
35.54339	1
35.54839	1
35.55339	1
35.55839	1
35.563393	1
35.568394	1
35.573395	1
35.578396	1
35.583397	1
35.588398	1
35.5934	1
35.5984	1
35.6034	1
35.608402	1
35.613403	1
35.618404	1
35.623405	1
35.628407	1
35.633408	1
35.63841	1
35.64341	1
35.64841	1
35.65341	1
35.658413	1
35.663414	1
35.668415	1
35.673416	1
35.678417	1
35.68342	1
35.68842	1
35.69342	1
35.69842	1
35.703423	1
35.708424	1
35.713425	1
35.718426	1
35.723427	1
35.728428	1
35.73343	1
35.73843	1
35.74343	1
35.748432	1
35.753433	1
35.758434	1
35.763435	1
35.768436	1
35.773438	1
35.77844	1
35.78344	1
35.78844	1
35.79344	1
35.798443	1
35.803444	1
35.808445	1
35.813446	1
35.818447	1
35.82345	1
35.82845	1
35.83345	1
35.83845	1
35.843452	1
35.848454	1
35.853455	1
35.858456	1
35.863457	1
35.868458	1
35.87346	1
35.87846	1
35.88346	1
35.888462	1
35.893463	1
35.898464	1
35.903465	1
35.908466	1
35.913467	1
35.91847	1
35.92347	1
35.92847	1
35.93347	1
35.938473	1
35.943474	1
35.948475	1
35.953476	1
35.958477	1
35.963478	1
35.96848	1
35.97348	1
35.97848	1
35.983482	1
35.988483	1
35.993484	1
35.998486	1
36.003487	1
36.008488	1
36.01349	1
36.01849	1
36.02349	1
36.028492	1
36.033493	1
36.038494	1
36.043495	1
36.048496	1
36.053497	1
36.0585	1
36.0635	1
36.0685	1
36.0735	1
36.078503	1
36.083504	1
36.088505	1
36.093506	1
36.098507	1
36.103508	1
36.10851	1
36.11351	1
36.11851	1
36.123512	1
36.128513	1
36.133514	1
36.138515	1
36.143517	1
36.148518	1
36.15352	1
36.15852	1
36.16352	1
36.16852	1
36.173523	1
36.178524	1
36.183525	1
36.188526	1
36.193527	1
36.19853	1
36.20353	1
36.20853	1
36.21353	1
36.218533	1
36.223534	1
36.228535	1
36.233536	1
36.238537	1
36.243538	1
36.24854	1
36.25354	1
36.25854	1
36.263542	1
36.268543	1
36.273544	1
36.278545	1
36.283546	1
36.288548	1
36.29355	1
36.29855	1
36.30355	1
36.30855	1
36.313553	1
36.318554	1
36.323555	1
36.328556	1
36.333557	1
36.33856	1
36.34356	1
36.34856	1
36.35356	1
36.358562	1
36.363564	1
36.368565	1
36.373566	1
36.378567	1
36.383568	1
36.38857	1
36.39357	1
36.39857	1
36.403572	1
36.408573	1
36.413574	1
36.418575	1
36.423576	1
36.428577	1
36.43358	1
36.43858	1
36.44358	1
36.44858	1
36.453583	1
36.458584	1
36.463585	1
36.468586	1
36.473587	1
36.47859	1
36.48359	1
36.48859	1
36.49359	1
36.498592	1
36.503593	1
36.508595	1
36.513596	1
36.518597	1
36.523598	1
36.5286	1
36.5336	1
36.5386	1
36.543602	1
36.548603	1
36.553604	1
36.558605	1
36.563606	1
36.568607	1
36.57361	1
36.57861	1
36.58361	1
36.58861	1
36.593613	1
36.598614	1
36.603615	1
36.608616	1
36.613617	1
36.618618	1
36.62362	1
36.62862	1
36.63362	1
36.638622	1
36.643623	1
36.648624	1
36.653625	1
36.658627	1
36.663628	1
36.66863	1
36.67363	1
36.67863	1
36.68363	1
36.688633	1
36.693634	1
36.698635	1
36.703636	1
36.708637	1
36.71364	1
36.71864	1
36.72364	1
36.72864	1
36.733643	1
36.738644	1
36.743645	1
36.748646	1
36.753647	1
36.758648	1
36.76365	1
36.76865	1
36.77365	1
36.778652	1
36.783653	1
36.788654	1
36.793655	1
36.798656	1
36.803658	1
36.80866	1
36.81366	1
36.81866	1
36.82366	1
36.828663	1
36.833664	1
36.838665	1
36.843666	1
36.848667	1
36.85367	1
36.85867	1
36.86367	1
36.86867	1
36.873672	1
36.878674	1
36.883675	1
36.888676	1
36.893677	1
36.898678	1
36.90368	1
36.90868	1
36.91368	1
36.918682	1
36.923683	1
36.928684	1
36.933685	1
36.938686	1
36.943687	1
36.94869	1
36.95369	1
36.95869	1
36.96369	1
36.968693	1
36.973694	1
36.978695	1
36.983696	1
36.988697	0


